417462.876192	8920737.66001	55.834705	57.7730507007	54.879456617	57.8948130837	57.4873352937	57.4478455926
417402.590181	8920899.97185	40.398704	40.6529730497	40.7306450977	40.160399535	40.5144192607	40.2368592541
417342.577071	8921062.37977	37.419704	37.6264797505	36.5648848708	37.7056266585	37.5879572597	37.5693687576
417282.782427	8921224.66397	43.171704	43.1106269307	41.3461283199	43.2874625576	43.1099888326	43.1272096645
417223.054762	8921387.05982	39.385704	39.6082480766	38.793883393	39.3738457656	39.8696424885	39.5829802114
417286.215943	8920575.32116	38.480705	37.3506005817	39.453131999	40.4905772538	39.3478558432	41.4723362244
417225.559885	8920737.56015	51.949705	52.3603332004	51.3566122308	52.0272928214	52.0386927872	52.2040127585
417164.811134	8920900.03502	37.774705	37.8655154411	37.4211273794	38.2061352138	38.0330870381	37.8297079897
417104.048099	8921062.29203	40.705704	40.4799029823	NaN	41.1114545514	41.0223445616	40.6018945822
417043.053053	8921224.68364	38.859704	37.9892017331	38.3755014258	38.175019385	38.7739102784	38.0751859512
416981.938351	8921387.20132	30.715704	30.3499710124	29.7348566509	29.9241308268	30.3038874481	29.7855357281
417473.914046	8920646.48071	26.770705	NaN	27.9932464769	27.499368864	27.4733171973	26.8169094629
417412.739879	8920808.85878	45.553705	45.6782755921	44.4595324293	44.8727870688	45.2399661569	45.4005610647
417351.510576	8920971.46994	38.034704	37.3921641677	36.5957229673	37.7708966593	37.7065840601	37.6162872179
417290.284117	8921134.08589	40.637704	39.6113764164	36.3882294882	40.153568949	39.7797206291	39.6757014623
417405.589242	8920745.92722	50.855705	50.9187541268	49.823526626	50.1827517453	50.5854729711	50.9254869802
417343.636544	8920908.48156	40.222704	40.3182785843	39.9602184287	39.5981079673	39.7490761536	39.6700290902
417281.620521	8921071.15778	37.438704	39.1402169499	39.0811108199	37.6671449263	37.6147106492	37.4621546754
417219.542993	8921233.73184	39.982704	40.3795346658	39.5216916719	40.6759632604	40.3660128275	40.0640977589
417157.504231	8921396.53198	31.114704	31.8005092215	32.4610010345	33.3642858926	34.3133445631	34.8218004134
417378.118587	8920678.158	53.353705	53.6583505322	53.7453032234	53.3731540738	53.6057326809	53.406638549
417317.511742	8920840.61153	41.270705	41.5307082288	39.6857900775	41.2434894215	41.3022052178	41.4173051077
417256.69996	8921003.30947	37.554704	37.795654261	NaN	37.8178924104	37.6403234775	37.6289598701
417195.797388	8921166.01928	39.930704	39.5516515432	37.5462370067	40.2118916823	39.8980466493	39.5650376478
417134.82278	8921328.73955	32.207704	31.7492179328	31.0173233519	32.3975394538	32.3509238644	31.9774195429
417445.148177	8920844.79627	44.027705	43.3904199508	44.3402033212	44.1081404842	44.542497883	44.8970241355
417384.619544	8921007.24024	37.538704	36.1369499913	38.2846130825	37.5354976317	37.6819358192	37.5661713844
417324.027167	8921169.80593	40.948704	40.9460924013	40.5464593529	41.428572025	41.0839101334	40.9686003962
417263.209489	8921332.84148	43.319704	44.0985805796	43.2497194554	43.8899230844	44.249447617	44.3661653531
434480.63072	8950307.9471	48.937683	NaN	58.1076840976	NaN	NaN	NaN
434414.57869	8950468.61842	49.898683	NaN	49.1593751115	NaN	NaN	NaN
434348.585775	8950629.29157	48.822683	NaN	48.9977446332	NaN	NaN	NaN
434282.681421	8950789.85286	47.597683	NaN	47.6937925264	NaN	NaN	NaN
434216.913215	8950950.18747	45.003683	NaN	45.5863368555	NaN	NaN	NaN
434151.378949	8951110.40111	44.321683	NaN	44.3902387281	NaN	NaN	NaN
434085.896623	8951270.50509	42.629683	NaN	43.0361825129	NaN	NaN	NaN
434020.498302	8951430.72109	41.150682	NaN	41.7507253391	NaN	NaN	NaN
433955.129439	8951591.0525	41.592682	NaN	41.4455191964	NaN	NaN	NaN
433889.731295	8951751.72669	43.260682	NaN	43.5586078893	NaN	NaN	NaN
433824.380888	8951912.51515	41.701682	NaN	41.9840440207	NaN	NaN	NaN
433759.078234	8952073.41787	37.670682	NaN	38.8642927137	NaN	NaN	NaN
433693.823349	8952234.43485	26.662682	NaN	26.021706769	NaN	NaN	NaN
434582.375289	8949917.59303	39.064683	NaN	40.4244744018	NaN	NaN	NaN
434451.704991	8950238.72219	48.179683	NaN	48.1375653329	NaN	NaN	NaN
434386.274869	8950399.133	49.355683	NaN	48.7935747148	NaN	NaN	NaN
434320.758038	8950559.55459	48.431683	NaN	48.0007656707	NaN	NaN	NaN
434255.23427	8950720.09387	47.089683	NaN	47.1085665912	NaN	NaN	NaN
434189.714859	8950880.63831	46.800683	NaN	46.8870504079	NaN	NaN	NaN
434124.261337	8951041.2959	44.489683	NaN	45.2277571898	NaN	NaN	NaN
434058.837334	8951202.06892	43.482683	NaN	44.1232382353	NaN	NaN	NaN
433993.435911	8951362.84594	42.028682	NaN	42.875270986	NaN	NaN	NaN
433862.616882	8951684.52909	42.884682	NaN	42.9574424026	NaN	NaN	NaN
433797.181142	8951845.43637	43.416682	NaN	43.8785411264	NaN	NaN	NaN
434450.198328	8950320.2347	49.003683	NaN	49.0768859362	NaN	NaN	NaN
434384.146668	8950480.23721	49.240683	NaN	49.1713844104	NaN	NaN	NaN
434318.172214	8950640.2404	48.002683	NaN	48.15245279	NaN	NaN	NaN
434252.322598	8950800.12947	47.404683	NaN	47.6638041218	NaN	NaN	NaN
434186.74329	8950959.89533	44.712683	NaN	44.9465279809	NaN	NaN	NaN
434121.372634	8951119.42992	45.033683	NaN	45.4601027426	NaN	NaN	NaN
434056.133464	8951278.96169	42.834683	NaN	43.4209672904	NaN	NaN	NaN
433991.032695	8951438.60204	40.779682	NaN	40.9221223785	NaN	NaN	NaN
433926.011518	8951598.5783	41.814682	NaN	42.3197753892	NaN	NaN	NaN
433861.074207	8951758.66651	43.293682	NaN	43.6059731708	NaN	NaN	NaN
433796.202585	8951918.86779	41.940682	NaN	42.2443615681	NaN	NaN	NaN
433731.41065	8952079.40495	38.326682	NaN	39.2103189827	NaN	NaN	NaN
433666.673283	8952240.16771	26.279682	NaN	26.3979115393	NaN	NaN	NaN
434472.785578	8950176.3512	47.331683	NaN	49.7481577406	NaN	NaN	NaN
434409.516837	8950337.85634	48.825683	NaN	48.9720160332	NaN	NaN	NaN
434346.775392	8950499.55752	48.730683	NaN	48.723837089	NaN	NaN	NaN
434284.456217	8950661.23748	47.210683	NaN	47.1237271349	NaN	NaN	NaN
434222.482023	8950823.12463	47.222683	NaN	47.4979429443	NaN	NaN	NaN
434160.772998	8950985.11204	44.279683	NaN	44.0717036614	NaN	NaN	NaN
434099.194779	8951147.09619	45.222683	NaN	45.1811106527	NaN	NaN	NaN
434037.645149	8951309.1953	43.687682	NaN	43.6791731851	NaN	NaN	NaN
433976.00806	8951471.30476	41.320682	NaN	40.7256518718	NaN	NaN	NaN
433914.435988	8951633.52691	42.712682	NaN	42.9286898126	NaN	NaN	NaN
433852.44233	8951795.66853	44.007682	NaN	43.9659235955	NaN	NaN	NaN
433789.758823	8951957.52285	42.341682	NaN	42.0073126993	NaN	NaN	NaN
433726.087947	8952118.99685	35.815682	NaN	35.1558278796	NaN	NaN	NaN
433660.141279	8952279.61251	25.297682	NaN	24.2010325057	NaN	NaN	NaN
434494.876922	8950255.61827	48.139683	NaN	48.0490520971	NaN	NaN	NaN
434428.883779	8950415.27812	50.044683	NaN	49.6685089945	NaN	NaN	NaN
434362.945209	8950575.16374	49.379683	NaN	49.2059901419	NaN	NaN	NaN
434297.056907	8950735.49907	47.842683	NaN	47.6011703331	NaN	NaN	NaN
434231.248424	8950896.17042	47.054683	NaN	47.1885327819	NaN	NaN	NaN
434165.556199	8951057.17552	42.849683	NaN	43.0836767525	NaN	NaN	NaN
434099.984558	8951218.2904	43.209683	NaN	43.8216246472	NaN	NaN	NaN
434034.581081	8951379.40021	42.488682	NaN	42.746371217	NaN	NaN	NaN
433969.35267	8951540.61634	40.594682	NaN	40.8672420192	NaN	NaN	NaN
433904.255946	8951701.82963	42.845682	NaN	42.7746468957	NaN	NaN	NaN
433839.254505	8951863.04232	42.879682	NaN	43.2674714818	NaN	NaN	NaN
433774.402839	8952024.25099	41.923682	NaN	41.7024105064	NaN	NaN	NaN
433709.6352	8952185.57158	29.152682	NaN	29.2520204632	NaN	NaN	NaN
434539.860244	8949876.04747	43.274683	NaN	42.8889471489	NaN	NaN	NaN
434474.053379	8950036.36183	43.676683	NaN	43.4476034845	NaN	NaN	NaN
434408.367032	8950196.786	47.538683	NaN	47.8091503549	NaN	NaN	NaN
434342.803741	8950357.65533	48.144683	NaN	47.6745721664	NaN	NaN	NaN
434277.347131	8950518.41161	47.279683	NaN	46.9104394333	NaN	NaN	NaN
434212.065602	8950679.27425	45.586683	NaN	45.5181481271	NaN	NaN	NaN
434147.029259	8950839.90332	47.075683	NaN	47.5726792325	NaN	NaN	NaN
434082.242235	8951000.07481	45.958683	NaN	46.4438261105	NaN	NaN	NaN
434017.57541	8951160.35596	44.487683	NaN	44.6219646553	NaN	NaN	NaN
433953.003612	8951320.63648	43.348682	NaN	43.2566088231	NaN	NaN	NaN
433888.442862	8951481.03345	42.337682	NaN	42.6664942892	NaN	NaN	NaN
433823.863812	8951641.66054	43.450682	NaN	43.2783724246	NaN	NaN	NaN
433759.266535	8951802.51778	44.716682	NaN	44.6471895707	NaN	NaN	NaN
433694.618931	8951963.38349	44.549682	NaN	44.3885285026	NaN	NaN	NaN
433629.86936	8952124.59647	40.242682	NaN	40.5582533121	NaN	NaN	NaN
433565.003931	8952285.93393	30.856682	NaN	30.6376888735	NaN	NaN	NaN
434473.78656	8950455.77549	49.993683	NaN	50.5174774729	NaN	NaN	NaN
434409.133184	8950616.69671	49.691683	NaN	49.9078166376	NaN	NaN	NaN
434344.440645	8950777.51382	48.210683	NaN	48.31015399	NaN	NaN	NaN
434279.552136	8950938.34843	47.136683	NaN	46.8273434669	NaN	NaN	NaN
434214.431373	8951099.20283	42.344683	NaN	41.4468512696	NaN	NaN	NaN
434149.223977	8951260.06802	43.643683	NaN	43.2017600554	NaN	NaN	NaN
434083.977601	8951420.82917	42.930682	NaN	42.8417033202	NaN	NaN	NaN
434018.72861	8951581.48405	40.449682	NaN	39.591278814	NaN	NaN	NaN
433953.545469	8951742.25204	42.502682	NaN	42.2792327586	NaN	NaN	NaN
433628.652587	8952395.5638	22.387682	NaN	21.1529005153	NaN	NaN	NaN
433563.565946	8952556.8047	23.615682	NaN	22.8507826509	NaN	NaN	NaN
433498.531215	8952717.93587	22.306682	NaN	21.9479789631	NaN	NaN	NaN
433433.584672	8952878.95502	21.040681	NaN	20.5538086922	NaN	NaN	NaN
433368.726262	8953039.86213	19.221681	NaN	18.9366476281	NaN	NaN	NaN
433303.908512	8953200.77203	18.254681	NaN	18.0382766017	NaN	NaN	NaN
433239.113263	8953361.68586	16.699681	NaN	16.9457768092	NaN	NaN	NaN
433174.297152	8953522.49454	15.934681	NaN	17.324895983	NaN	NaN	NaN
433109.467246	8953683.30945	14.793681	NaN	15.0326540168	NaN	NaN	NaN
433600.934166	8952327.85147	22.956682	NaN	23.8299850663	NaN	NaN	NaN
433535.604212	8952488.43828	23.680682	NaN	23.6543012382	NaN	NaN	NaN
433470.278667	8952649.03023	23.250682	NaN	23.2242500821	NaN	NaN	NaN
433404.932344	8952809.51708	22.105681	NaN	22.3641051177	NaN	NaN	NaN
433602.008691	8952401.15492	22.117682	NaN	21.6117734416	NaN	NaN	NaN
433537.373555	8952562.25745	23.535682	NaN	24.7635288875	NaN	NaN	NaN
433472.7679	8952723.4753	22.163682	NaN	22.0120552936	NaN	NaN	NaN
433408.177679	8952884.58565	21.001681	NaN	20.7564604995	NaN	NaN	NaN
433343.573598	8953045.70221	19.705681	NaN	20.7126072883	NaN	NaN	NaN
433278.919364	8953206.82727	18.298681	NaN	18.9212465774	NaN	NaN	NaN
433214.185766	8953368.07456	16.975681	NaN	17.2551237073	NaN	NaN	NaN
433149.311365	8953529.33613	16.196681	NaN	16.4839855071	NaN	NaN	NaN
433084.314383	8953690.61087	14.753681	NaN	15.3258934405	NaN	NaN	NaN
433593.364751	8952439.72669	23.286682	NaN	21.0055843405	NaN	NaN	NaN
433526.04513	8952599.54517	23.876682	NaN	30.4586326092	NaN	NaN	NaN
433458.505406	8952759.27141	22.415682	NaN	21.8783432692	NaN	NaN	NaN
433391.754421	8952919.28909	21.290681	NaN	20.5205934706	NaN	NaN	NaN
433324.881095	8953079.32015	21.007681	NaN	20.6268334354	NaN	NaN	NaN
433257.798773	8953239.14639	19.128681	NaN	19.126433782	NaN	NaN	NaN
433190.362296	8953398.77706	17.936681	NaN	17.3802200226	NaN	NaN	NaN
433122.09686	8953557.90682	16.587681	NaN	16.7003514067	NaN	NaN	NaN
433053.557249	8953716.948	14.525681	NaN	14.2307823464	NaN	NaN	NaN
433644.937573	8952346.78126	22.131682	NaN	21.4914067466	NaN	NaN	NaN
433580.273579	8952507.88231	22.826682	NaN	22.1797289599	NaN	NaN	NaN
433515.577551	8952668.99072	22.484682	NaN	22.1233779965	NaN	NaN	NaN
433450.817295	8952829.88482	21.481681	NaN	21.405444494	NaN	NaN	NaN
433386.050227	8952990.89655	18.792681	NaN	19.0089224041	NaN	NaN	NaN
433321.225985	8953151.80539	18.072681	NaN	17.3317753627	NaN	NaN	NaN
433256.387937	8953312.72048	16.834681	NaN	17.3835624061	NaN	NaN	NaN
433191.474591	8953473.53386	16.082681	NaN	15.9096126393	NaN	NaN	NaN
433126.456738	8953634.35925	15.760681	NaN	16.1788560501	NaN	NaN	NaN
433500.015712	8952447.2845	25.267682	NaN	23.5987438784	NaN	NaN	NaN
433434.948131	8952608.7573	24.644682	NaN	28.4938148427	NaN	NaN	NaN
433369.66709	8952770.24899	22.982682	NaN	22.6698729794	NaN	NaN	NaN
433304.16565	8952931.6482	25.589681	NaN	25.7785776643	NaN	NaN	NaN
433238.578046	8953093.05833	23.251681	NaN	23.2186252176	NaN	NaN	NaN
433172.999126	8953254.24969	20.442681	NaN	20.5773493635	NaN	NaN	NaN
433107.614362	8953414.9868	18.560681	NaN	18.7569179054	NaN	NaN	NaN
433042.489081	8953575.15361	17.198681	NaN	17.4322536578	NaN	NaN	NaN
432977.35	8953735.32672	14.995681	NaN	14.9175339191	NaN	NaN	NaN
432912.135612	8953895.39818	12.704681	NaN	12.911676141	NaN	NaN	NaN
433692.406425	8952385.17978	21.274682	NaN	20.5505473344	NaN	NaN	NaN
433627.020163	8952545.87571	21.753682	NaN	20.9752049461	NaN	NaN	NaN
433561.547527	8952706.58251	21.820682	NaN	21.5143946288	NaN	NaN	NaN
433495.934088	8952867.30364	20.816681	NaN	20.352916714	NaN	NaN	NaN
433430.172885	8953027.92771	17.091681	NaN	16.016839184	NaN	NaN	NaN
433364.354745	8953188.44903	16.757681	NaN	16.2650462436	NaN	NaN	NaN
433298.486727	8953348.979	15.777681	NaN	15.4737322845	NaN	NaN	NaN
433232.591046	8953509.29254	15.412681	NaN	16.2247738926	NaN	NaN	NaN
433166.729177	8953669.4976	15.366681	NaN	14.2783220564	NaN	NaN	NaN
432271.387773	8943339.40191	58.044688	NaN	58.4739499018	NaN	NaN	NaN
432206.204504	8943500.03183	59.071688	NaN	59.5576331372	NaN	NaN	NaN
432141.043604	8943660.66571	59.107688	NaN	59.5060949737	NaN	NaN	NaN
432075.868442	8943821.30586	60.702688	NaN	61.1432331887	NaN	NaN	NaN
432010.704469	8943982.06253	61.220688	NaN	61.8211535575	NaN	NaN	NaN
431945.519149	8944142.71409	61.465688	NaN	61.6134937088	NaN	NaN	NaN
431880.27586	8944303.26289	57.153687	NaN	58.2712466312	NaN	NaN	NaN
431815.073281	8944463.81448	58.743687	NaN	58.8044378054	NaN	NaN	NaN
431749.944012	8944624.59045	51.809687	NaN	52.4739933062	NaN	NaN	NaN
431684.928661	8944785.36449	48.660687	NaN	49.1083931967	NaN	NaN	NaN
431620.187899	8944946.34994	54.232687	NaN	53.6852878654	NaN	NaN	NaN
431555.58643	8945107.44361	54.021687	NaN	54.1196363358	NaN	NaN	NaN
431491.062171	8945268.53761	60.477687	NaN	60.8626236295	NaN	NaN	NaN
434250.670588	8936994.08636	50.462692	NaN	50.5381821484	NaN	NaN	NaN
434167.456949	8936842.2943	47.302693	NaN	47.9865098917	NaN	NaN	NaN
434084.302772	8936690.61548	44.022693	NaN	43.2651646371	NaN	NaN	NaN
434321.684486	8937024.84441	53.263692	NaN	52.9485969567	NaN	NaN	NaN
434237.837765	8936873.0865	48.739692	NaN	48.9277057291	NaN	NaN	NaN
434154.135655	8936721.32484	46.429693	NaN	46.938729724	NaN	NaN	NaN
434463.894849	8937140.04259	57.527692	NaN	57.2011074205	NaN	NaN	NaN
434380.073712	8936987.93828	53.262692	NaN	52.7054535604	NaN	NaN	NaN
434296.15062	8936835.73352	48.026693	NaN	48.1008107178	NaN	NaN	NaN
434212.169239	8936683.53749	46.005693	NaN	NaN	NaN	NaN	NaN
434094.621871	8936933.78185	49.084692	NaN	50.1356640275	NaN	NaN	NaN
434010.969445	8936781.91542	47.590693	NaN	47.8102949056	NaN	NaN	NaN
434285.557044	8937049.09226	53.014692	NaN	52.3876738016	NaN	NaN	NaN
434201.510581	8936897.46105	49.327692	NaN	53.2788876975	NaN	NaN	NaN
434117.327383	8936746.06709	47.437693	NaN	47.031915242	NaN	NaN	NaN
434321.925659	8937016.10656	53.083692	NaN	52.7432171167	NaN	NaN	NaN
434239.39006	8936863.70892	48.809692	NaN	48.4579466851	NaN	NaN	NaN
434156.734392	8936711.21177	46.562693	NaN	NaN	NaN	NaN	NaN
434323.155338	8937085.92744	54.791692	NaN	54.4192976415	NaN	NaN	NaN
434239.080268	8936933.40087	49.945692	NaN	49.5794810511	NaN	NaN	NaN
434155.027429	8936780.98993	47.610693	NaN	47.5160678531	NaN	NaN	NaN
434281.488515	8937072.939	53.668692	NaN	53.2787625999	NaN	NaN	NaN
434197.770521	8936920.61699	49.736692	NaN	49.3044099292	NaN	NaN	NaN
434113.863105	8936767.97624	48.056693	NaN	47.8933796655	NaN	NaN	NaN
428110.150835	8925730.97966	15.417701	NaN	15.6983365757	NaN	16.6973898548	NaN
428173.125037	8925745.03394	17.752701	NaN	17.8147036938	NaN	17.6557950346	NaN
428089.532293	8925592.95819	26.188701	NaN	24.6340394193	NaN	24.9036907824	NaN
427890.714752	8925691.87712	14.851701	NaN	16.0913592139	NaN	16.9113695913	NaN
427995.683658	8925661.50859	18.454701	NaN	18.0527417857	NaN	18.7648531881	NaN
428220.15331	8925637.98713	17.370701	NaN	17.4885435113	NaN	17.9435413807	NaN
428036.494809	8925696.7191	16.955701	NaN	17.2018024977	NaN	17.6251620431	NaN
427992.007808	8925677.41511	18.568701	NaN	17.3068604043	NaN	17.6365926331	NaN
422268.450966	8915281.16301	208.468708	208.750270821	209.452063702	208.958060146	208.962194315	209.082624875
422507.503268	8915608.41284	199.010708	198.32990154	199.442959554	198.948453875	198.433145155	197.842354061
422495.865874	8915560.2234	193.386708	191.009441261	193.958078766	191.818139407	195.086667193	194.011439782
422411.804482	8915408.4001	174.592708	190.95890911	197.154131404	200.204596733	199.387493041	189.706428038
422382.690741	8915841.97866	190.974708	191.108929558	190.606807741	190.434263458	190.651542439	190.693495756
422463.643825	8915639.83591	200.465708	199.370509199	199.629633642	201.448764448	200.931627766	200.072914912
422295.059742	8915336.12008	208.827708	208.038853835	207.647086361	207.911679368	207.704868941	207.706416462
422506.420796	8915682.68303	200.633708	200.444715215	200.36560704	200.83744738	201.002253173	200.468108837
422422.005636	8915530.549	202.969708	202.179242931	202.912738924	201.586959752	203.868791752	201.806973801
422337.569767	8915378.42134	207.699708	207.633409553	208.421568898	207.525713903	207.385874671	207.556360244
422460.973967	8915661.06367	200.846708	200.351607983	200.332670039	200.149000582	200.232085713	200.669570324
422291.367106	8915355.96631	208.261708	207.517267726	207.19443472	207.222537978	207.064352064	207.12134358
419664.010418	8914891.7035	172.836709	172.008546855	171.898858602	172.337641098	172.435327118	172.344891684
419603.782816	8915054.05875	167.517709	167.935212801	168.72865791	168.294760803	168.630304591	168.441041786
419543.624458	8915216.30176	169.476708	169.865921957	169.544445661	170.052479502	169.806049568	169.939269974
419483.514085	8915378.65795	170.799708	170.998489304	171.003148528	170.863569196	171.06323045	171.063422697
419423.405895	8915541.01877	171.009708	171.487223945	171.278877673	171.082399386	171.356353369	171.19180604
419363.291684	8915703.27287	170.185708	170.730253217	170.66947176	170.303015163	170.288283601	170.631890827
419303.150286	8915865.6457	167.507708	167.820688088	167.835436946	167.442111664	167.674182412	167.837910704
419242.93593	8916028.02872	163.971708	164.24346269	164.237404509	164.188718827	164.098220694	164.329754043
419182.648658	8916190.42193	159.197708	159.13931105	159.100330388	159.063022801	159.001905713	159.107432658
419122.250934	8916352.82814	146.981708	147.682111646	147.217880855	147.337983378	147.824108192	147.373335832
419061.726312	8916515.02472	142.353708	142.491388421	143.000618015	142.72417057	142.523952496	142.479893951
419001.045499	8916677.1258	140.224707	140.577242947	140.477426444	140.52341044	140.091727729	140.198918728
418940.216816	8916839.24273	128.947707	128.67408387	128.827555691	129.54562273	130.020570688	129.550031528
418879.154719	8917001.49384	94.710707	102.586197244	98.2943640829	97.8807493103	96.5970731676	94.9718286643
419484.601871	8914728.94682	171.283709	171.44897515	171.47489356	171.760162161	171.467064296	171.38677918
419423.868827	8914891.46224	168.189709	168.368373647	168.464471426	168.237500123	168.492180644	168.169845459
419363.138152	8915053.98235	166.807709	166.562565239	166.793645063	166.642860641	167.195796476	166.968401395
419302.361646	8915216.62264	157.272708	158.282670427	158.491562434	158.229185371	158.539255697	158.356523528
419241.560528	8915379.15769	157.973708	158.387250765	158.148085349	157.390366468	158.152716194	157.807216494
419180.724221	8915541.70022	157.890708	158.002509515	157.708886281	157.809662626	157.809268715	157.828616307
419119.85275	8915704.25024	165.694708	166.208102752	165.224480293	166.009586881	165.93580979	165.936697069
419058.900299	8915866.69922	164.316708	164.699011817	170.004342946	164.530256812	164.704526941	164.679573929
418997.912732	8916029.1557	154.095708	154.84882712	154.993230169	154.450393799	154.222718334	154.731553784
418936.844228	8916191.51117	145.154708	145.141602202	145.21584187	145.637925954	145.008725225	145.351704886
418875.759445	8916353.87278	141.360708	141.294118616	140.804446394	141.560936737	141.226088625	141.488003825
418814.593762	8916516.13339	141.281708	141.485780026	141.350658081	141.232293397	141.177480969	141.128146272
418753.353269	8916678.62837	138.175707	138.32356659	137.851073745	138.009359564	137.944484486	137.864342565
418692.021477	8916841.13511	130.655707	138.439444796	130.8050828	130.373085804	130.531035305	130.52069766
419610.436551	8914964.47553	170.722709	169.677239809	170.461650891	170.538235492	170.594153374	170.539560299
419549.720041	8915127.20643	163.836708	164.034003354	164.953397349	164.63046378	164.670657569	163.615943192
419489.005935	8915289.94202	169.743708	169.356874558	169.596957232	169.450804284	169.595357599	169.577999303
419428.200215	8915452.68922	169.900708	170.005346581	169.805289955	169.664523849	169.802715137	169.486272865
419367.284131	8915615.44945	170.250708	170.092852083	170.156905869	169.941989751	169.977136084	170.136242909
419305.967533	8915778.13222	168.893708	168.846211974	168.69955461	168.429220894	168.653326932	168.849739855
419244.457342	8915940.72231	165.849708	165.566876423	165.475710523	165.3314566	165.19765888	165.516149225
419182.874629	8916103.32275	161.918708	161.776511612	161.628247208	161.533734459	161.362183797	161.533841929
419121.229982	8916265.82084	154.324708	153.877328722	154.076002432	153.353930781	153.890160503	153.754384231
419059.690218	8916428.42808	144.285708	143.943680541	143.925006522	144.237603927	144.243598999	144.084239191
418998.190714	8916591.03732	141.749707	141.981031029	141.329981926	141.854390952	141.276189059	141.438228761
418936.750244	8916753.64716	134.927707	133.729542322	134.300367891	134.720588825	134.207332573	134.501346961
418875.350011	8916916.25899	107.409707	109.016474629	108.486462162	106.857722714	106.37544353	105.861805825
418814.138007	8917079.08567	74.406707	76.9334122623	76.3078978561	75.5181027895	76.4048634287	74.4507447435
419604.67227	8914900.98889	172.399709	171.877559416	171.983081492	172.048173782	172.140969245	172.24158406
419542.825436	8915063.57917	163.991709	165.284879804	165.991656346	165.164788196	165.46889365	164.656296435
419480.943686	8915226.17704	166.754708	167.404263301	167.175689295	166.821550847	167.014687582	167.113726345
419419.075257	8915388.66701	167.783708	167.706429827	168.037215933	167.972061336	168.209520775	167.96886086
419357.292964	8915551.26757	168.715708	168.027090288	168.281123605	168.02811998	168.046347154	168.228899149
419295.768366	8915713.74217	168.140708	167.715206686	168.129961208	167.613735735	167.87323123	168.134452702
419234.329814	8915876.32733	166.466708	166.233819855	166.246461878	165.893493123	165.904744436	166.247091715
419172.960832	8916038.80037	162.420708	162.216838712	162.127780818	162.055816962	161.850669384	161.927282707
419111.650825	8916201.274	159.221708	158.788720931	158.489869362	158.013394861	158.525096059	158.511771662
419050.345695	8916363.52837	146.935708	146.453143469	146.527269806	146.515013041	146.494393467	146.44869394
418989.107748	8916525.89463	140.716708	140.696512114	140.367285957	141.257179114	140.665150319	140.808157148
418927.901673	8916688.15154	134.762707	134.890055083	135.576919848	135.333074945	135.098214093	135.223653151
418866.698152	8916850.4132	112.916707	116.519256585	116.954788805	114.868156002	114.838594598	114.295918241
418805.494977	8917012.90365	83.145707	86.1333910592	NaN	84.5816998859	85.9427430875	83.6852665229
419577.247772	8914833.38655	173.154709	172.710917678	172.805164492	172.916120632	172.913038908	172.754724484
419516.453096	8914995.90089	168.425709	167.403416777	168.08532808	168.006613046	168.167710094	168.046091301
419455.560964	8915158.09149	162.903708	162.803920039	163.142457814	163.224285547	163.271715963	163.273028223
419394.617175	8915320.06693	166.477708	166.791168636	166.0108339	166.002322696	166.488390382	166.274699981
419333.581728	8915482.05401	163.595708	163.976445749	164.110706671	163.389484288	163.497753891	164.020158684
419272.489924	8915644.27403	164.518708	165.212470001	165.401363702	164.228433109	164.503462556	165.099389458
419211.268989	8915806.5085	167.003708	167.468306688	166.910339399	167.165035302	167.010882227	167.164587086
419150.010652	8915968.97454	163.574708	163.399065357	163.413776383	163.353499246	163.421088203	163.490447866
419088.6985	8916131.44951	156.576708	156.576560444	156.839665041	156.606597568	156.595437596	156.756647445
419027.370148	8916293.93064	148.427708	148.992244577	149.09175646	148.681366846	148.674528574	149.144925376
418966.073715	8916456.30242	141.902708	142.066948007	141.690463105	142.330911487	141.772388964	141.968520725
418904.761083	8916618.68036	136.105707	136.289707034	137.232198014	136.814459132	136.772383837	136.614529534
419509.529269	8914610.81923	172.505709	172.768501523	172.549900844	172.778776766	172.440461265	172.195658971
419448.543798	8914772.90327	170.691709	170.403943359	170.261390193	170.013288605	170.173313448	170.108072101
419387.496048	8914934.88487	167.823709	167.710182218	167.775288406	167.690792471	167.877565466	167.664967794
419326.270783	8915096.99639	164.558709	164.24641785	164.827257442	163.838392675	164.523034873	163.988264726
419264.953935	8915259.11961	158.265708	158.148673461	158.31472377	158.332842546	158.542627052	158.268894535
419203.583167	8915421.25175	156.667708	156.669176918	156.462937229	156.201861042	156.700873506	156.929107936
419142.241959	8915583.49859	159.170708	159.465570638	159.349502082	159.034727121	159.166167634	159.282636696
419080.94089	8915745.7474	165.145708	165.425714297	164.997087308	164.752876707	164.685841431	164.796944191
419019.696453	8915908.22083	162.999708	162.591044376	162.06623369	162.399667385	162.314041862	162.377827337
418958.452303	8916070.92305	150.102708	150.446657246	150.162424491	149.951278683	149.644273141	149.870309027
418897.248345	8916233.62723	144.327708	143.708302173	143.510976227	144.285400577	143.730399321	143.976710086
418836.046991	8916396.33617	141.085708	139.730503225	139.831867429	140.920445807	140.368701441	140.325513572
418774.856533	8916559.16117	140.016708	139.883028272	139.402326622	139.627855513	139.472110556	139.480575153
418713.706279	8916721.98814	138.562707	138.699162905	138.489318083	138.271314806	138.302680978	138.225048704
418652.53988	8916884.82125	118.282707	115.697145608	116.076210659	113.917817092	115.276652688	114.800717711
419638.817828	8914849.79104	173.556709	173.258163627	172.96850474	173.345036069	173.331515434	173.16321797
419578.670743	8915011.6941	168.298709	167.835382236	168.89301451	168.357774564	168.524794405	168.329900966
419518.727831	8915174.03463	165.320708	166.365019198	166.24554153	166.837685726	166.619212709	166.840868584
419458.918692	8915336.37005	169.404708	169.985736343	169.536860272	169.692557946	169.889914805	169.68757686
419399.109262	8915498.9341	170.185708	170.290109025	169.163913632	169.232014035	169.513458921	169.512337527
419339.299603	8915661.72676	169.808708	169.40651734	169.405457597	168.935095501	169.142467796	169.427880233
419279.199573	8915824.65756	167.823708	167.633960427	167.846733282	167.283604063	167.570011907	167.653222604
419219.024323	8915987.82257	164.096708	164.072326234	164.088783648	164.131679484	163.907101459	164.125564635
419158.768023	8916150.88645	160.503708	160.741297206	160.578365866	160.377028969	160.355912195	160.509395012
419098.484766	8916314.06908	149.173708	150.113280602	150.45125199	149.40640107	149.850883599	149.535630195
419038.337712	8916477.02258	142.414708	142.387488533	142.352730636	142.773065223	142.55091359	142.553163143
418978.157696	8916639.75945	140.635707	140.196192606	141.12003224	140.820446514	140.330230145	140.411537415
419641.823272	8915001.11918	170.222709	169.014568231	169.721156856	170.403327368	170.266925607	170.224460788
419581.016799	8915164.19058	166.628708	166.280638435	166.813382612	166.959379329	166.877353321	167.138912823
419520.252837	8915327.03988	171.746708	172.040051336	171.720756592	171.632674279	171.75668065	171.740063653
419459.51252	8915489.66845	171.424708	171.858786977	171.445677134	171.543196222	171.515209915	171.401451904
419398.800557	8915651.62821	171.348708	171.586838248	171.507397629	171.508898806	171.670901935	171.660502598
419338.082683	8915813.48135	168.903708	168.911724477	169.030204268	168.782115015	169.034894169	169.060031454
419277.329521	8915975.34195	165.699708	165.884332129	165.913186878	165.610548912	165.751872515	165.847920322
419216.522303	8916137.21142	161.232708	160.025514021	161.232631056	161.200750329	161.039514361	161.346507794
419155.637652	8916299.53922	151.124708	151.429029089	152.153267018	150.986895316	151.398224083	150.928671322
419094.699087	8916461.87591	143.662708	143.442131866	143.261907383	143.377168075	143.624610163	143.48949686
419033.67733	8916624.33561	141.973707	141.96867978	141.557027238	141.948016008	141.698054698	141.770481839
418972.478542	8916786.9253	135.271707	135.648242724	135.464017651	135.414919026	135.070702934	135.16250885
418911.025484	8916949.87463	108.185707	110.279934464	108.926422495	107.628695706	108.213408665	107.277226432
418849.508341	8917112.94564	73.028707	73.6845771624	73.8535107012	73.508318384	74.4853561307	72.7105701529
418932.053468	8916445.39551	141.666708	141.970184305	141.502782827	142.363989108	141.748152686	141.943162023
418869.380267	8916607.20517	138.982707	138.763725472	138.443889505	138.854639642	138.806731993	138.850963404
425370.041547	8902110.57929	199.786717	218.210511103	220.76374762	NaN	223.242318359	222.243095352
423932.364497	8901422.90042	114.643718	112.073480466	NaN	110.084880699	NaN	101.446675165
423822.862441	8901422.25932	99.826718	100.078621393	100.645335076	99.4118710552	102.167010727	92.9725095711
424427.92912	8901463.26409	204.087718	205.106011007	202.91359544	205.032380656	204.713973529	205.621310459
424494.479233	8901416.99218	205.669718	NaN	197.729031854	199.763634285	NaN	NaN
424433.448577	8901579.47027	210.493718	210.505226422	210.259271866	209.741149449	209.183475407	210.134918274
424741.77345	8901330.01012	60.388718	60.3243172654	61.0517797589	62.4061350428	58.6559570655	62.0113562939
424620.126507	8901653.23158	215.655718	214.463744499	214.239221891	216.000856902	216.315903987	214.485122767
424716.475013	8901526.73917	130.056718	123.692520922	120.428890272	130.345891063	NaN	133.012822446
425559.570241	8903783.90704	269.959716	264.028425026	260.885238931	NaN	263.561062433	264.498803162
425802.596899	8903608.36389	216.736716	NaN	245.974245322	NaN	250.990646813	NaN
425797.53335	8903676.2765	214.765716	NaN	NaN	NaN	216.090699404	NaN
425632.467328	8903372.21619	283.724717	276.1846836	277.798639158	NaN	NaN	278.474886018
411940.629211	8924513.2243	14.147702	14.8975570873	NaN	14.1257517773	15.0077630476	14.6179936204
411770.856403	8924212.76807	14.328702	14.9127204052	NaN	14.6064268826	15.2636940569	15.0795186039
411685.630547	8924063.02279	13.646703	13.9026326837	NaN	14.2033846322	14.4664240119	14.1753620188
411600.244083	8923913.40746	14.267703	14.2819399888	NaN	14.5584181348	14.1918276654	14.4236282777
411514.724713	8923764.03183	19.214703	19.6608550548	NaN	20.2171020402	19.4854705375	19.6905309449
411428.989671	8923614.3427	20.912703	21.5301316755	NaN	21.420188839	20.8276791017	21.1122716254
411343.066099	8923464.67389	13.365703	13.8645647905	NaN	14.2506912181	13.5013449288	14.0152254025
411970.788162	8924608.09852	13.514702	13.5102110563	NaN	13.0184681675	13.7237427887	13.3128589893
411885.466191	8924457.22996	15.214702	15.0180148139	NaN	14.1718636138	15.0781734651	14.7822152768
411800.132707	8924306.47918	15.425702	15.3856761061	NaN	14.9978896424	15.7729464074	15.3547300981
411714.927915	8924155.72278	14.452703	14.2683988816	NaN	14.3208932389	14.6057369005	14.2389158406
411629.711681	8924005.08414	14.381703	14.1876528607	NaN	14.1772871338	14.2085027086	14.2257838534
411544.474443	8923854.67605	15.565703	15.2821192101	NaN	15.4846789131	15.200999439	15.2945069825
411459.142084	8923704.28056	19.204703	19.0447697882	NaN	19.4153936384	18.4676650474	19.1310501759
411373.723179	8923554.23299	20.482703	20.3050688009	NaN	21.1450413623	20.409883854	21.1886703085
411944.778192	8924616.25959	13.256702	13.5015383324	NaN	13.1683767785	13.8681858305	13.4778601617
411858.696771	8924465.79056	15.038702	14.6668788723	NaN	14.0854424834	14.8078643112	14.4976636815
411772.640972	8924315.4364	15.033702	14.6788064161	NaN	14.5629025737	15.0368660288	14.8210623464
411686.583115	8924165.08736	13.305703	12.5964777052	NaN	13.3968368361	13.528577903	13.9121002919
411600.504548	8924014.74497	13.845703	13.8012149971	NaN	14.0713758742	13.7249511339	14.0387415145
411942.15512	8924577.05009	13.783702	14.0847596744	NaN	13.3872067056	14.235614189	13.7280693323
411855.818524	8924426.93777	15.853702	15.9266716989	NaN	15.4002458615	16.1324422256	15.7517710425
411769.805971	8924276.91606	15.284702	14.4728945806	NaN	14.5487794636	15.0406898042	14.8359667345
411684.071248	8924126.87667	14.393703	13.9776914748	NaN	13.8344098269	14.1434310365	14.185774772
411598.539846	8923976.82561	14.427703	14.1932419227	NaN	14.4283060467	14.0814031509	14.1910490779
411513.165458	8923826.65463	17.485703	16.2301491372	NaN	16.8777845574	16.4075815627	16.128191784
411427.94814	8923676.36367	19.192703	19.1722262047	NaN	19.2095427471	18.6261165687	19.0981199605
411342.822856	8923525.84603	14.970703	15.5351237465	NaN	15.8738013037	15.3561554119	16.3221740576
412135.492204	8924516.111	15.337702	16.1521707707	NaN	15.5064694748	15.2862228691	15.6049543561
411747.26842	8924137.07389	15.128703	14.8570458922	NaN	14.6874972756	15.2239232673	14.8272681157
423782.728262	8918010.90387	98.443706	96.9970202594	98.1502140929	98.1042253111	97.3360729192	97.4865376524
423933.441739	8918190.71554	150.421706	152.654533319	153.832425305	153.277587561	152.676594192	151.635646106
423849.490667	8918038.80133	130.675706	131.045745071	130.031131119	132.161597139	130.898092737	131.032076923
423911.861262	8918144.55349	147.139706	147.870599255	149.553368317	149.306937868	149.193537235	148.502278385
423828.335982	8917992.61076	109.600706	108.904569038	108.762070234	106.587342791	106.119897884	105.787443358
423744.883991	8917840.66772	58.693706	57.0105568819	56.5196829503	58.1941993986	61.1441385394	57.1964631705
423978.163989	8918147.6491	155.134706	156.980759254	158.026368798	157.558350601	156.914257927	155.601395874
423893.968445	8917995.41308	136.104706	131.853334841	135.661855145	140.203426626	136.725708716	136.76111726
423809.688074	8917843.076	82.487706	82.7244109412	82.903311878	83.6412483611	83.9914494915	82.8039181703
423807.810062	8918421.49327	166.694706	167.573880704	168.129580633	168.599460032	168.113547036	167.408594483
423723.066276	8918269.64399	138.768706	136.933027187	137.009186825	136.469792289	136.430013584	136.558243726
423638.256306	8918117.69244	85.633706	86.4291551511	86.5582946383	85.3612476268	85.8741500014	84.9491814405
423876.585726	8918226.239	145.154706	147.308001233	148.275644284	148.13902488	147.385204273	146.601925699
423793.127235	8918074.18242	117.294706	119.628689938	123.255892188	122.534967925	119.251171338	123.974431877
423709.681138	8917921.79409	57.723706	58.2565664933	58.6970218912	58.7827113265	57.9860917102	57.325993796
423929.044114	8918258.16036	156.239706	156.672177527	157.745104128	157.201446609	156.491599182	155.40247518
423846.002611	8918107.07841	140.775706	138.597661039	140.067734392	139.584471024	138.80644458	138.670239386
423890.561517	8918241.48824	149.239706	150.105797501	151.184460067	150.927555592	150.105230961	149.377101502
423806.538524	8918089.13457	127.730706	127.855870767	128.570482528	128.605932663	128.165655186	128.19723839
423722.190016	8917936.47285	64.084706	63.9958865696	64.6111986948	64.6511746493	63.7461395412	62.9030586276
423681.232695	8917734.56485	33.040706	29.3501813177	29.4138224881	28.6798405324	28.9156482769	27.6188875072
423679.75567	8917804.26888	32.807706	32.6147564675	32.8981735504	32.4181050919	31.6855371523	29.5848263379
423698.553143	8917858.67884	41.930706	42.8121404816	43.7046450317	43.5505866993	41.8965951761	40.1504636769
423553.51925	8917965.74075	26.053706	24.7365079208	25.9711809479	25.8504245763	25.1490704865	24.8163475913
424796.255146	8901256.4957	43.818718	40.4557668995	40.3328044131	41.5580157267	43.1965875414	43.6073334614
424838.595513	8901201.9329	29.036718	25.9327308695	26.6653944716	28.7848829531	27.760765467	28.4797499143
438103.552554	8905330.47237	76.477715	NaN	NaN	NaN	NaN	NaN
438040.14591	8905492.00114	44.129714	NaN	NaN	NaN	NaN	NaN
437976.722241	8905653.53566	39.738714	NaN	NaN	NaN	NaN	NaN
438061.076345	8904908.69631	62.659715	NaN	NaN	NaN	NaN	NaN
437997.910412	8905070.21272	79.293715	NaN	NaN	NaN	NaN	NaN
437934.708206	8905232.07132	63.055715	NaN	NaN	NaN	NaN	NaN
438085.591025	8904892.11661	68.882715	NaN	NaN	NaN	NaN	NaN
438021.958537	8905053.54575	80.320715	NaN	NaN	NaN	NaN	NaN
437830.427718	8905538.23318	40.941714	NaN	NaN	NaN	NaN	NaN
437978.226955	8905024.92252	62.910715	NaN	NaN	NaN	NaN	NaN
438159.22794	8904850.76057	80.986715	NaN	NaN	NaN	NaN	NaN
438095.417337	8905012.30648	88.712715	NaN	NaN	NaN	NaN	NaN
438031.475704	8905174.19999	74.594715	NaN	NaN	NaN	NaN	NaN
437967.529766	8905336.3222	54.663715	NaN	NaN	NaN	NaN	NaN
437903.642941	8905498.44596	41.726714	NaN	NaN	NaN	NaN	NaN
437854.632482	8905568.84389	40.480714	NaN	NaN	NaN	NaN	NaN
436514.938751	8907056.58182	197.474713	NaN	NaN	NaN	NaN	NaN
428025.907111	8925579.39885	26.331701	NaN	27.7909164776	NaN	27.9637345738	NaN
427952.581443	8925544.67366	33.885701	NaN	34.1920266116	NaN	34.3096994733	NaN
427908.023586	8925525.26544	40.582701	NaN	38.1054459831	NaN	38.5226556665	NaN
430865.156176	8922554.4825	83.955703	NaN	78.7411172775	NaN	NaN	NaN
430802.141801	8922715.64709	78.546703	NaN	72.7197935493	NaN	NaN	NaN
430739.291126	8922876.69436	92.208702	NaN	85.9212162147	NaN	NaN	NaN
430363.30644	8922712.95011	102.448703	NaN	99.6462336869	NaN	NaN	NaN
430300.242305	8922875.27104	102.613702	NaN	98.118824494	NaN	NaN	NaN
430237.454052	8923037.46738	111.795702	NaN	107.028720853	NaN	NaN	NaN
430174.851021	8923199.88049	112.546702	NaN	108.067441976	NaN	NaN	NaN
431455.154905	8922285.32854	39.158703	NaN	31.2473963316	NaN	NaN	NaN
431392.236195	8922446.66979	41.443703	NaN	34.1598897149	NaN	NaN	NaN
431329.306077	8922607.79302	42.660703	NaN	36.3530396641	NaN	NaN	NaN
431266.397301	8922768.91985	64.279702	NaN	59.2072430172	NaN	NaN	NaN
431140.519602	8923090.40925	215.601702	NaN	217.381401892	NaN	NaN	NaN
431159.132441	8922506.94594	60.487703	NaN	54.3389992223	NaN	NaN	NaN
431096.301476	8922668.74993	65.108703	NaN	60.2967832363	NaN	NaN	NaN
431033.559571	8922830.44137	91.146702	NaN	88.1568816594	NaN	NaN	NaN
430970.862234	8922991.91121	142.900702	NaN	143.09730996	NaN	NaN	NaN
431181.385476	8922499.04805	57.078703	NaN	52.3181199578	NaN	NaN	NaN
431117.927179	8922660.77847	61.565703	NaN	58.1493469082	NaN	NaN	NaN
431054.520757	8922822.39878	88.136702	NaN	85.5850228856	NaN	NaN	NaN
430991.17068	8922983.68498	138.871702	NaN	140.05715557	NaN	NaN	NaN
431213.581671	8922729.76326	58.723703	NaN	56.8723086422	NaN	NaN	NaN
431077.358817	8922633.60156	63.599703	NaN	60.3506992588	NaN	NaN	NaN
431013.733959	8922794.67913	82.820702	NaN	80.5908409442	NaN	NaN	NaN
430949.836346	8922955.55542	126.051702	NaN	126.453530662	NaN	NaN	NaN
430885.852782	8923116.21857	195.276702	NaN	NaN	NaN	NaN	NaN
431192.987693	8922613.73985	53.209703	NaN	49.6463573213	NaN	NaN	NaN
431129.51334	8922775.69471	73.069702	NaN	71.5087537921	NaN	NaN	NaN
433854.740797	8913837.51737	283.112709	NaN	281.923832043	NaN	NaN	NaN
423740.815812	8901269.80748	49.579718	42.0034843879	40.7905231476	39.64801554	36.7633709957	35.7279395232
423658.943779	8901117.68383	17.449718	10.7145553185	10.0989511199	12.3849872192	14.2207298088	NaN
437225.823264	8914538.06055	45.922708	NaN	NaN	NaN	NaN	NaN
437390.651201	8914271.91014	67.077708	NaN	NaN	NaN	NaN	NaN
438124.142945	8904747.07843	33.575715	NaN	NaN	NaN	NaN	NaN
438149.073576	8904730.70068	33.074715	NaN	NaN	NaN	NaN	NaN
438106.270022	8904702.80247	27.572715	NaN	NaN	NaN	NaN	NaN
438042.355026	8904863.90998	40.154715	NaN	NaN	NaN	NaN	NaN
438000.252074	8904791.48119	28.485715	NaN	NaN	NaN	NaN	NaN
437937.370945	8904952.98511	34.570715	NaN	NaN	NaN	NaN	NaN
437874.257536	8905114.39504	37.267715	NaN	NaN	NaN	NaN	NaN
437810.981433	8905275.93068	33.118715	NaN	NaN	NaN	NaN	NaN
437747.568118	8905437.36705	27.364715	NaN	NaN	NaN	NaN	NaN
424858.39763	8901094.07917	10.925718	12.8697135116	NaN	10.8671745129	11.4482593728	NaN
424616.313022	8901092.84883	12.661718	12.2949153195	11.7850191579	12.2839146559	12.3065672601	12.7683874019
424768.40856	8901035.51948	11.661718	8.59301597011	11.8700015222	10.9009623296	11.8077415647	11.924524025
424840.802254	8901054.77202	10.824718	9.29234598931	NaN	10.8159442455	11.272350755	NaN
424548.087377	8901139.33767	16.029718	18.1668339639	17.4998455878	18.4039022557	17.5196928117	16.6227411435
424802.606942	8901168.23792	21.603718	17.758794139	22.9395733827	22.6709422997	22.0038188098	20.5688491684
438187.0722	8904585.36118	22.704715	NaN	NaN	NaN	NaN	NaN
434029.685512	8936614.90992	20.264693	NaN	22.6598710983	NaN	NaN	NaN
434070.92097	8936628.36378	29.923693	NaN	30.346810916	NaN	NaN	NaN
434795.450164	8937063.21351	11.416692	NaN	17.2354634409	NaN	NaN	NaN
429868.577908	8926320.56167	34.654700	NaN	24.0170775067	NaN	NaN	NaN
