 514096.05 8818116.00   1.369160
 515006.12 8818116.00   1.376601
 515916.20 8818116.00   1.369160
 516826.27 8818116.00   0.848284
 517736.34 8818116.00   1.324513
 518646.42 8818116.00   1.369160
 519556.49 8818116.00   1.369160
 520466.57 8818116.00   1.376601
 521376.64 8818116.00   1.369160
 522286.72 8818116.00   1.369160
 523196.79 8818116.00   1.376601
 524106.87 8818116.00   1.369160
 525016.94 8818116.00   1.369160
 525927.01 8818116.00   1.369160
 526837.09 8818116.00   0.892930
 527747.16 8818116.00   1.369160
 528657.24 8818116.00   1.369160
 529567.31 8818116.00   1.369160
 530477.39 8818116.00  -8.162870
 531387.46 8818116.00  -1.495658
 532297.53 8818116.00  -4.821823
 533207.61 8818116.00   0.892930
 534117.68 8818116.00   1.354277
 535027.76 8818116.00  -0.409260
 536847.91 8818116.00  19.450995
 537757.98 8818116.00  -8.631658
 538668.06 8818116.00   1.369160
 539578.13 8818116.00   0.892930
 540488.20 8818116.00   0.892930
 541398.28 8818116.00  -4.338152
 543218.43 8818116.00   7.091354
 545948.65 8818116.00   1.369160
 546858.73 8818116.00   1.369160
 547768.80 8818116.00 -14.822640
 548678.87 8818116.00  16.608501
 549588.95 8818116.00   1.369160
 514096.05 8817456.00   1.369160
 515006.12 8817456.00   1.376601
 515916.20 8817456.00   1.369160
 516826.27 8817456.00   1.369160
 517736.34 8817456.00   1.369160
 518646.42 8817456.00   1.369160
 519556.49 8817456.00   1.376601
 520466.57 8817456.00   1.369160
 521376.64 8817456.00   1.376601
 522286.72 8817456.00   1.376601
 523196.79 8817456.00   1.376601
 524106.87 8817456.00   0.900371
 525016.94 8817456.00   1.369160
 525927.01 8817456.00   1.376601
 526837.09 8817456.00   1.369160
 527747.16 8817456.00   1.376601
 528657.24 8817456.00   1.369160
 529567.31 8817456.00   0.892930
 530477.39 8817456.00  17.084730
 531387.46 8817456.00   1.346836
 532297.53 8817456.00  -0.535758
 533207.61 8817456.00   1.369160
 534117.68 8817456.00   0.848284
 535027.76 8817456.00  -0.468788
 535937.83 8817456.00  -0.870607
 536847.91 8817456.00  -8.177752
 537757.98 8817456.00   1.369160
 538668.06 8817456.00   1.369160
 539578.13 8817456.00  -9.584117
 540488.20 8817456.00   1.369160
 541398.28 8817456.00   0.424142
 542308.35 8817456.00   0.416701
 543218.43 8817456.00   1.376601
 544128.50 8817456.00   2.321618
 545038.58 8817456.00 -15.767658
 546858.73 8817456.00   0.892930
 547768.80 8817456.00   4.702765
 548678.87 8817456.00  18.997089
 549588.95 8817456.00  13.274895
 514096.05 8816796.00   1.369160
 515006.12 8816796.00   1.376601
 515916.20 8816796.00   1.369160
 516826.27 8816796.00   1.369160
 517736.34 8816796.00   1.369160
 518646.42 8816796.00   1.369160
 519556.49 8816796.00   1.369160
 520466.57 8816796.00   1.376601
 521376.64 8816796.00   1.369160
 522286.72 8816796.00   1.376601
 523196.79 8816796.00   1.369160
 524106.87 8816796.00   0.900371
 525016.94 8816796.00   1.369160
 525927.01 8816796.00   1.376601
 526837.09 8816796.00   1.369160
 527747.16 8816796.00   1.369160
 528657.24 8816796.00   1.369160
 529567.31 8816796.00   1.361718
 530477.39 8816796.00  -2.440676
 531387.46 8816796.00  -1.019429
 533207.61 8816796.00   2.782966
 535027.76 8816796.00  -0.416701
 535937.83 8816796.00  -5.193877
 536847.91 8816796.00  -0.081852
 537757.98 8816796.00 -12.917723
 538668.06 8816796.00   1.369160
 539578.13 8816796.00  -2.440676
 540488.20 8816796.00  -6.726740
 541398.28 8816796.00   5.655224
 542308.35 8816796.00  12.806107
 543218.43 8816796.00  -6.243070
 544128.50 8816796.00   1.845389
 545038.58 8816796.00 -10.082670
 545948.65 8816796.00   6.131454
 546858.73 8816796.00 -16.251329
 547768.80 8816796.00  17.084730
 548678.87 8816796.00   1.369160
 549588.95 8816796.00   1.376601
 514096.05 8816136.00   1.369160
 515006.12 8816136.00   1.376601
 515916.20 8816136.00   1.369160
 516826.27 8816136.00   1.376601
 517736.34 8816136.00   1.376601
 518646.42 8816136.00   1.369160
 519556.49 8816136.00   1.376601
 520466.57 8816136.00   1.376601
 521376.64 8816136.00   1.369160
 523196.79 8816136.00  18.037189
 524106.87 8816136.00   0.892930
 525016.94 8816136.00   1.369160
 525927.01 8816136.00   1.376601
 526837.09 8816136.00   1.376601
 527747.16 8816136.00   1.837948
 528657.24 8816136.00  12.806107
 530477.39 8816136.00   8.512601
 531387.46 8816136.00   8.996271
 532297.53 8816136.00   1.361718
 533207.61 8816136.00  -0.468788
 534117.68 8816136.00  -0.409260
 535027.76 8816136.00   0.885489
 535937.83 8816136.00  19.934666
 536847.91 8816136.00   1.369160
 537757.98 8816136.00   7.560142
 538668.06 8816136.00   7.076471
 540488.20 8816136.00 -12.441493
 541398.28 8816136.00   1.369160
 542308.35 8816136.00  -5.774282
 543218.43 8816136.00   1.376601
 544128.50 8816136.00   1.376601
 545038.58 8816136.00   1.376601
 545948.65 8816136.00   1.369160
 546858.73 8816136.00   1.376601
 547768.80 8816136.00   1.369160
 548678.87 8816136.00  -6.250511
 549588.95 8816136.00   1.376601
 514096.05 8815476.00   1.376601
 515006.12 8815476.00   1.369160
 515916.20 8815476.00   1.369160
 516826.27 8815476.00   1.376601
 517736.34 8815476.00   1.376601
 518646.42 8815476.00   1.376601
 519556.49 8815476.00   1.369160
 520466.57 8815476.00  16.124830
 521376.64 8815476.00  -0.059529
 522286.72 8815476.00   1.369160
 524106.87 8815476.00  18.997089
 525016.94 8815476.00   1.369160
 525927.01 8815476.00   1.369160
 526837.09 8815476.00   1.369160
 527747.16 8815476.00   1.339395
 528657.24 8815476.00   1.376601
 529567.31 8815476.00   6.138895
 530477.39 8815476.00   1.369160
 532297.53 8815476.00 -16.273652
 533207.61 8815476.00   4.219095
 534117.68 8815476.00   9.948730
 535027.76 8815476.00   2.329059
 535937.83 8815476.00   2.276972
 536847.91 8815476.00  -7.195529
 537757.98 8815476.00   3.757748
 538668.06 8815476.00   2.314177
 539578.13 8815476.00  15.656042
 540488.20 8815476.00  -6.726740
 541398.28 8815476.00 -10.544017
 542308.35 8815476.00   1.852830
 543218.43 8815476.00   1.369160
 544128.50 8815476.00  -0.498553
 545038.58 8815476.00  -0.520876
 545948.65 8815476.00   1.361718
 546858.73 8815476.00   3.750307
 547768.80 8815476.00 -13.862741
 549588.95 8815476.00 -15.767658
 514096.05 8814816.00   1.376601
 515006.12 8814816.00   1.369160
 515916.20 8814816.00   1.376601
 516826.27 8814816.00   1.369160
 517736.34 8814816.00   1.376601
 518646.42 8814816.00   1.369160
 519556.49 8814816.00  -3.861923
 520466.57 8814816.00   1.369160
 521376.64 8814816.00  15.663483
 522286.72 8814816.00   2.805289
 523196.79 8814816.00  -5.774282
 524106.87 8814816.00  18.513418
 525016.94 8814816.00  -2.470440
 525927.01 8814816.00   1.369160
 526837.09 8814816.00   1.361718
 527747.16 8814816.00   0.900371
 528657.24 8814816.00  -7.202970
 529567.31 8814816.00 -16.251329
 530477.39 8814816.00   1.354277
 532297.53 8814816.00   1.376601
 533207.61 8814816.00   1.369160
 534117.68 8814816.00   1.369160
 535027.76 8814816.00   1.361718
 535937.83 8814816.00   1.793301
 536847.91 8814816.00   0.892930
 537757.98 8814816.00   1.376601
 538668.06 8814816.00  -1.019429
 539578.13 8814816.00  13.274895
 541398.28 8814816.00  -8.162870
 542308.35 8814816.00   1.852830
 543218.43 8814816.00  -0.505994
 544128.50 8814816.00  -0.915253
 545038.58 8814816.00  -0.907812
 545948.65 8814816.00   0.863166
 546858.73 8814816.00   1.369160
 547768.80 8814816.00 -10.060346
 548678.87 8814816.00  17.568401
 549588.95 8814816.00   1.376601
 514096.05 8814156.00   1.369160
 515006.12 8814156.00   1.376601
 515916.20 8814156.00   1.369160
 516826.27 8814156.00   1.369160
 517736.34 8814156.00   1.369160
 518646.42 8814156.00 -10.060346
 519556.49 8814156.00   1.376601
 520466.57 8814156.00 -14.346411
 521376.64 8814156.00  -8.631658
 522286.72 8814156.00   2.797848
 523196.79 8814156.00   1.369160
 524106.87 8814156.00   0.416701
 525016.94 8814156.00   1.369160
 525927.01 8814156.00 -13.870182
 526837.09 8814156.00   1.376601
 527747.16 8814156.00   1.376601
 528657.24 8814156.00   1.369160
 529567.31 8814156.00   1.361718
 530477.39 8814156.00  -6.235629
 531387.46 8814156.00   1.331954
 532297.53 8814156.00   1.369160
 533207.61 8814156.00   1.376601
 534117.68 8814156.00   1.369160
 535027.76 8814156.00 -16.251329
 535937.83 8814156.00   0.833401
 536847.91 8814156.00  -5.283170
 537757.98 8814156.00  -6.719299
 538668.06 8814156.00   4.219095
 539578.13 8814156.00 -15.775099
 540488.20 8814156.00   4.702765
 542308.35 8814156.00  -0.468788
 543218.43 8814156.00  -0.900371
 544128.50 8814156.00  -1.346836
 545038.58 8814156.00  -1.049193
 545948.65 8814156.00   0.878048
 546858.73 8814156.00   0.892930
 547768.80 8814156.00  11.846207
 548678.87 8814156.00   1.369160
 549588.95 8814156.00 -15.767658
 514096.05 8813496.00   1.369160
 515006.12 8813496.00   1.376601
 515916.20 8813496.00   1.369160
 516826.27 8813496.00   1.369160
 517736.34 8813496.00   1.376601
 518646.42 8813496.00   1.376601
 519556.49 8813496.00   1.369160
 520466.57 8813496.00 -15.298870
 521376.64 8813496.00   1.369160
 522286.72 8813496.00   1.369160
 523196.79 8813496.00   8.043812
 524106.87 8813496.00   1.376601
 525016.94 8813496.00   1.376601
 525927.01 8813496.00 -11.012805
 526837.09 8813496.00   1.369160
 527747.16 8813496.00   1.369160
 528657.24 8813496.00   1.361718
 529567.31 8813496.00   1.361718
 530477.39 8813496.00   1.361718
 531387.46 8813496.00   1.376601
 532297.53 8813496.00   1.376601
 533207.61 8813496.00  -6.250511
 534117.68 8813496.00  -2.440676
 535027.76 8813496.00 -14.822640
 535937.83 8813496.00  -4.844146
 538668.06 8813496.00   2.797848
 539578.13 8813496.00  13.274895
 541398.28 8813496.00   1.837948
 542308.35 8813496.00  -0.558081
 543218.43 8813496.00  -1.168250
 544128.50 8813496.00  -1.384042
 545038.58 8813496.00  -1.049193
 545948.65 8813496.00   0.825960
 546858.73 8813496.00   0.900371
 547768.80 8813496.00   1.369160
 548678.87 8813496.00   1.369160
 549588.95 8813496.00   1.376601
 514096.05 8812836.00   1.369160
 515006.12 8812836.00   1.376601
 515916.20 8812836.00   1.369160
 516826.27 8812836.00   1.369160
 517736.34 8812836.00   1.376601
 518646.42 8812836.00   1.376601
 519556.49 8812836.00   1.376601
 520466.57 8812836.00   1.376601
 521376.64 8812836.00   1.369160
 522286.72 8812836.00   1.369160
 523196.79 8812836.00   1.369160
 524106.87 8812836.00   1.369160
 525016.94 8812836.00   1.376601
 525927.01 8812836.00   1.376601
 526837.09 8812836.00   1.369160
 527747.16 8812836.00   1.369160
 529567.31 8812836.00   8.512601
 530477.39 8812836.00   1.361718
 531387.46 8812836.00  -8.170311
 532297.53 8812836.00   0.401819
 533207.61 8812836.00   1.369160
 535027.76 8812836.00  -5.290611
 535937.83 8812836.00  -0.543199
 536847.91 8812836.00  19.934666
 539578.13 8812836.00  14.703583
 540488.20 8812836.00   1.837948
 541398.28 8812836.00   1.852830
 542308.35 8812836.00  -0.952459
 543218.43 8812836.00  -1.324513
 544128.50 8812836.00  -1.480776
 545038.58 8812836.00  -1.346836
 545948.65 8812836.00   0.029764
 546858.73 8812836.00   0.892930
 547768.80 8812836.00   1.376601
 548678.87 8812836.00   1.376601
 549588.95 8812836.00   1.376601
 514096.05 8812176.00   1.369160
 515006.12 8812176.00   1.369160
 515916.20 8812176.00   0.892930
 516826.27 8812176.00   1.369160
 517736.34 8812176.00   1.369160
 518646.42 8812176.00   1.369160
 519556.49 8812176.00   1.369160
 520466.57 8812176.00   1.376601
 521376.64 8812176.00   1.369160
 522286.72 8812176.00   1.376601
 523196.79 8812176.00   1.376601
 524106.87 8812176.00   1.369160
 525016.94 8812176.00   1.369160
 525927.01 8812176.00   1.376601
 526837.09 8812176.00   1.369160
 527747.16 8812176.00   1.369160
 528657.24 8812176.00   1.369160
 530477.39 8812176.00   1.369160
 531387.46 8812176.00   1.346836
 532297.53 8812176.00  -6.257952
 533207.61 8812176.00 -14.815199
 534117.68 8812176.00 -12.910282
 535027.76 8812176.00  10.424959
 535937.83 8812176.00   5.640342
 536847.91 8812176.00   4.665560
 537757.98 8812176.00 -12.917723
 538668.06 8812176.00 -16.243888
 540488.20 8812176.00   1.852830
 541398.28 8812176.00  -0.483670
 542308.35 8812176.00  -1.324513
 543218.43 8812176.00  -1.599833
 544128.50 8812176.00  -1.778419
 545038.58 8812176.00  -1.064075
 545948.65 8812176.00  -0.022323
 546858.73 8812176.00   0.900371
 547768.80 8812176.00   0.900371
 548678.87 8812176.00   1.376601
 549588.95 8812176.00   1.369160
 514096.05 8812136.00   1.369160
 515006.12 8812136.00   1.369160
 515916.20 8812136.00   0.892930
 516826.27 8812136.00   1.369160
 517736.34 8812136.00   1.369160
 518646.42 8812136.00   1.369160
 519556.49 8812136.00   1.369160
 520466.57 8812136.00   1.376601
 521376.64 8812136.00   1.376601
 522286.72 8812136.00   1.376601
 523196.79 8812136.00   1.376601
 524106.87 8812136.00   1.369160
 525016.94 8812136.00   1.376601
 525927.01 8812136.00   1.369160
 526837.09 8812136.00   1.369160
 527747.16 8812136.00   1.369160
 528657.24 8812136.00   1.369160
 529567.31 8812136.00  -0.074411
 530477.39 8812136.00   1.369160
 531387.46 8812136.00   1.346836
 532297.53 8812136.00  -5.312934
 533207.61 8812136.00 -13.386511
 535027.76 8812136.00   8.512601
 535937.83 8812136.00   4.687883
 536847.91 8812136.00   4.189331
 537757.98 8812136.00 -13.393952
 539578.13 8812136.00  17.560960
 540488.20 8812136.00   1.845389
 541398.28 8812136.00  -0.483670
 542308.35 8812136.00  -1.346836
 543218.43 8812136.00  -1.570069
 544128.50 8812136.00  -1.793301
 545038.58 8812136.00  -1.064075
 545948.65 8812136.00  -0.022323
 546858.73 8812136.00   0.900371
 547768.80 8812136.00   0.900371
 548678.87 8812136.00   1.376601
 549588.95 8812136.00   1.376601
 514096.05 8811476.00   1.376601
 515006.12 8811476.00   0.892930
 515916.20 8811476.00   1.369160
 516826.27 8811476.00   1.369160
 517736.34 8811476.00   1.369160
 518646.42 8811476.00   1.369160
 519556.49 8811476.00   1.369160
 520466.57 8811476.00   1.369160
 521376.64 8811476.00   1.369160
 522286.72 8811476.00  -0.431583
 523196.79 8811476.00   1.369160
 524106.87 8811476.00  -0.439024
 525016.94 8811476.00   1.361718
 525927.01 8811476.00  -0.364613
 526837.09 8811476.00   1.376601
 527747.16 8811476.00   1.361718
 528657.24 8811476.00   1.354277
 529567.31 8811476.00  -0.476229
 530477.39 8811476.00  -0.468788
 532297.53 8811476.00   4.695324
 533207.61 8811476.00   6.592801
 534117.68 8811476.00  -9.100446
 535027.76 8811476.00  10.901189
 535937.83 8811476.00 -14.338970
 536847.91 8811476.00  -7.210411
 537757.98 8811476.00 -13.870182
 538668.06 8811476.00   5.178995
 539578.13 8811476.00   7.560142
 540488.20 8811476.00  -0.476229
 541398.28 8811476.00  -0.848284
 542308.35 8811476.00  -1.510540
 543218.43 8811476.00  -1.570069
 544128.50 8811476.00  -1.815625
 545038.58 8811476.00  -1.026870
 545948.65 8811476.00   0.892930
 546858.73 8811476.00   0.892930
 547768.80 8811476.00   0.892930
 548678.87 8811476.00 -13.386511
 549588.95 8811476.00  -5.774282
 514096.05 8810816.00   0.900371
 515006.12 8810816.00   0.900371
 515916.20 8810816.00   0.892930
 516826.27 8810816.00   1.376601
 517736.34 8810816.00   1.376601
 518646.42 8810816.00   1.376601
 519556.49 8810816.00   1.369160
 520466.57 8810816.00   1.376601
 521376.64 8810816.00  -0.372054
 522286.72 8810816.00  -0.372054
 523196.79 8810816.00  -0.357172
 524106.87 8810816.00  -0.364613
 525016.94 8810816.00  -0.349731
 525927.01 8810816.00  -0.171145
 526837.09 8810816.00  -0.342290
 527747.16 8810816.00   1.346836
 528657.24 8810816.00  -2.001652
 529567.31 8810816.00   1.346836
 530477.39 8810816.00   1.354277
 531387.46 8810816.00   1.361718
 532297.53 8810816.00  11.355095
 533207.61 8810816.00  -3.869364
 534117.68 8810816.00  15.179813
 535027.76 8810816.00  -1.964446
 535937.83 8810816.00   0.892930
 536847.91 8810816.00   1.361718
 537757.98 8810816.00   0.900371
 538668.06 8810816.00   0.892930
 539578.13 8810816.00  -0.520876
 540488.20 8810816.00  -0.840843
 541398.28 8810816.00  -1.934682
 542308.35 8810816.00  -1.860271
 543218.43 8810816.00  -1.852830
 544128.50 8810816.00  -1.391483
 545038.58 8810816.00  -1.034311
 545948.65 8810816.00  -0.967341
 546858.73 8810816.00   0.900371
 547768.80 8810816.00   0.885489
 548678.87 8810816.00  10.417518
 514096.05 8810156.00   1.376601
 515006.12 8810156.00   1.376601
 515916.20 8810156.00   1.376601
 516826.27 8810156.00   0.900371
 517736.34 8810156.00   1.369160
 518646.42 8810156.00   1.369160
 519556.49 8810156.00  -0.401819
 520466.57 8810156.00  -0.349731
 521376.64 8810156.00  -0.372054
 522286.72 8810156.00  -0.372054
 523196.79 8810156.00  -0.334849
 524106.87 8810156.00  -0.319967
 525016.94 8810156.00  -0.297643
 525927.01 8810156.00  -0.156263
 526837.09 8810156.00  -0.178586
 527747.16 8810156.00  -0.297643
 528657.24 8810156.00 -15.350957
 529567.31 8810156.00   1.354277
 530477.39 8810156.00   2.314177
 531387.46 8810156.00   2.790407
 533207.61 8810156.00 -14.331529
 534117.68 8810156.00   0.892930
 535027.76 8810156.00   1.369160
 535937.83 8810156.00  -0.528317
 536847.91 8810156.00  -0.535758
 537757.98 8810156.00  -0.878048
 538668.06 8810156.00  -0.811078
 539578.13 8810156.00  -0.870607
 540488.20 8810156.00  -2.314177
 541398.28 8810156.00  -2.574615
 542308.35 8810156.00  -2.336501
 543218.43 8810156.00  -1.934682
 544128.50 8810156.00  -1.413806
 545038.58 8810156.00  -1.145927
 545948.65 8810156.00   0.900371
 546858.73 8810156.00   0.892930
 547768.80 8810156.00   0.885489
 548678.87 8810156.00  -0.535758
 549588.95 8810156.00 -14.822640
 514096.05 8809496.00   1.376601
 515006.12 8809496.00   0.892930
 515916.20 8809496.00   1.369160
 516826.27 8809496.00   1.376601
 517736.34 8809496.00   1.369160
 518646.42 8809496.00   1.339395
 519556.49 8809496.00  -0.327408
 520466.57 8809496.00  -0.342290
 521376.64 8809496.00  -0.327408
 522286.72 8809496.00  -0.312526
 523196.79 8809496.00  -0.290202
 524106.87 8809496.00  -0.193468
 525016.94 8809496.00  -0.126498
 525927.01 8809496.00  -0.186027
 526837.09 8809496.00  -0.141381
 527747.16 8809496.00  -0.141381
 528657.24 8809496.00  -0.312526
 529567.31 8809496.00   1.354277
 530477.39 8809496.00  -0.066970
 531387.46 8809496.00   3.750307
 532297.53 8809496.00   0.409260
 533207.61 8809496.00   1.369160
 534117.68 8809496.00  -0.587846
 535027.76 8809496.00  -0.751550
 535937.83 8809496.00  -0.788755
 536847.91 8809496.00  -0.833401
 537757.98 8809496.00  -0.974782
 538668.06 8809496.00  -2.403470
 539578.13 8809496.00  -3.155020
 540488.20 8809496.00  -3.214549
 541398.28 8809496.00  -2.998757
 542308.35 8809496.00  -2.805289
 543218.43 8809496.00  -2.336501
 544128.50 8809496.00  -1.525422
 545038.58 8809496.00  -1.235220
 545948.65 8809496.00   0.885489
 546858.73 8809496.00  18.989648
 547768.80 8809496.00   9.941289
 548678.87 8809496.00   1.369160
 514096.05 8808836.00   0.900371
 515006.12 8808836.00   0.892930
 515916.20 8808836.00   0.892930
 516826.27 8808836.00   1.376601
 517736.34 8808836.00   0.401819
 518646.42 8808836.00  -0.327408
 519556.49 8808836.00  -0.334849
 520466.57 8808836.00  -0.327408
 521376.64 8808836.00  -0.223233
 522286.72 8808836.00  -0.186027
 523196.79 8808836.00  -0.156263
 524106.87 8808836.00  -0.133940
 525016.94 8808836.00  -0.119057
 525927.01 8808836.00  -0.133940
 526837.09 8808836.00  -0.126498
 527747.16 8808836.00  -0.119057
 528657.24 8808836.00  -0.104175
 529567.31 8808836.00   1.369160
 530477.39 8808836.00   1.331954
 531387.46 8808836.00  -0.505994
 532297.53 8808836.00  -0.773873
 533207.61 8808836.00  -0.952459
 534117.68 8808836.00  -1.331954
 535027.76 8808836.00  -1.465894
 535937.83 8808836.00  -2.373706
 536847.91 8808836.00  -3.311283
 537757.98 8808836.00  -4.047950
 538668.06 8808836.00  -4.204213
 539578.13 8808836.00  -3.884246
 540488.20 8808836.00  -3.675896
 541398.28 8808836.00  -3.259195
 542308.35 8808836.00  -2.998757
 543218.43 8808836.00  -2.046298
 544128.50 8808836.00  -1.748655
 545038.58 8808836.00  -1.361718
 545948.65 8808836.00   0.900371
 546858.73 8808836.00   0.900371
 547768.80 8808836.00 -13.423717
 548678.87 8808836.00  18.505977
 549588.95 8808836.00   1.369160
 514096.05 8808176.00   0.900371
 515006.12 8808176.00   0.900371
 515916.20 8808176.00   0.892930
 516826.27 8808176.00   0.900371
 517736.34 8808176.00   0.892930
 518646.42 8808176.00  -0.327408
 519556.49 8808176.00  -0.334849
 520466.57 8808176.00  -0.223233
 521376.64 8808176.00  -0.193468
 522286.72 8808176.00  -0.156263
 523196.79 8808176.00  -0.141381
 524106.87 8808176.00  -0.148822
 525016.94 8808176.00  -0.111616
 525927.01 8808176.00  -0.096734
 526837.09 8808176.00  -0.074411
 527747.16 8808176.00  -0.081852
 528657.24 8808176.00  -0.148822
 529567.31 8808176.00  -0.468788
 530477.39 8808176.00  -1.354277
 531387.46 8808176.00  -2.462999
 532297.53 8808176.00  -3.430340
 533207.61 8808176.00  -3.966098
 534117.68 8808176.00  -4.457210
 535027.76 8808176.00  -4.606031
 535937.83 8808176.00  -4.717648
 536847.91 8808176.00  -4.702765
 537757.98 8808176.00  -4.725089
 538668.06 8808176.00  -4.687883
 539578.13 8808176.00  -4.300947
 540488.20 8808176.00  -3.914010
 541398.28 8808176.00  -3.519633
 542308.35 8808176.00  -2.857376
 543218.43 8808176.00  -2.113268
 544128.50 8808176.00  -1.860271
 545038.58 8808176.00  -1.458453
 545948.65 8808176.00   0.900371
 546858.73 8808176.00  15.663483
 547768.80 8808176.00   0.892930
 548678.87 8808176.00   0.892930
 549588.95 8808176.00  -6.243070
 514096.05 8807516.00   0.892930
 515006.12 8807516.00   0.892930
 515916.20 8807516.00   0.892930
 516826.27 8807516.00   0.900371
 517736.34 8807516.00   1.376601
 518646.42 8807516.00  -0.349731
 519556.49 8807516.00  -0.252997
 520466.57 8807516.00  -0.208350
 521376.64 8807516.00  -0.148822
 522286.72 8807516.00  -0.148822
 523196.79 8807516.00  -0.148822
 524106.87 8807516.00  -0.104175
 525016.94 8807516.00  -0.104175
 525927.01 8807516.00  -0.119057
 526837.09 8807516.00  -0.349731
 527747.16 8807516.00  -1.019429
 528657.24 8807516.00  -2.820171
 529567.31 8807516.00  -3.772630
 530477.39 8807516.00  -4.412563
 531387.46 8807516.00  -4.792058
 532297.53 8807516.00  -5.141789
 533207.61 8807516.00  -5.253406
 534117.68 8807516.00  -5.231082
 535027.76 8807516.00  -5.164113
 535937.83 8807516.00  -5.097143
 536847.91 8807516.00  -5.037614
 537757.98 8807516.00  -4.940880
 538668.06 8807516.00  -4.888793
 539578.13 8807516.00  -4.620914
 540488.20 8807516.00  -4.137243
 541398.28 8807516.00  -3.519633
 542308.35 8807516.00  -2.515087
 543218.43 8807516.00  -1.912359
 544128.50 8807516.00  -1.830507
 545038.58 8807516.00  -1.436129
 545948.65 8807516.00   0.900371
 546858.73 8807516.00  18.982207
 547768.80 8807516.00   9.933848
 548678.87 8807516.00   1.369160
 549588.95 8807516.00  12.329877
 514096.05 8806856.00   0.900371
 515006.12 8806856.00   0.424142
 515916.20 8806856.00   0.892930
 516826.27 8806856.00   0.394377
 517736.34 8806856.00   1.369160
 518646.42 8806856.00  -0.372054
 519556.49 8806856.00  -0.215791
 520466.57 8806856.00  -0.193468
 521376.64 8806856.00  -0.148822
 522286.72 8806856.00  -0.156263
 523196.79 8806856.00  -0.133940
 524106.87 8806856.00  -0.260438
 525016.94 8806856.00  -1.056634
 525927.01 8806856.00  -2.939228
 526837.09 8806856.00  -3.817276
 527747.16 8806856.00  -4.152125
 528657.24 8806856.00  -4.643237
 529567.31 8806856.00  -4.873910
 530477.39 8806856.00  -5.067379
 531387.46 8806856.00  -5.216200
 532297.53 8806856.00  -5.342699
 533207.61 8806856.00  -5.365022
 534117.68 8806856.00  -5.335258
 535027.76 8806856.00  -5.335258
 535937.83 8806856.00  -5.201318
 536847.91 8806856.00  -5.156672
 537757.98 8806856.00  -5.119466
 538668.06 8806856.00  -5.074820
 539578.13 8806856.00  -4.732530
 540488.20 8806856.00  -4.003303
 541398.28 8806856.00  -2.976434
 542308.35 8806856.00  -2.418352
 543218.43 8806856.00  -1.994211
 544128.50 8806856.00  -1.741214
 545038.58 8806856.00  -1.346836
 545948.65 8806856.00   0.900371
 546858.73 8806856.00 -15.767658
 547768.80 8806856.00   0.892930
 548678.87 8806856.00  -4.821823
 514096.05 8806196.00   0.892930
 515006.12 8806196.00   0.416701
 515916.20 8806196.00   0.416701
 516826.27 8806196.00   0.386936
 517736.34 8806196.00  -1.071516
 518646.42 8806196.00  -0.461347
 519556.49 8806196.00  -0.342290
 520466.57 8806196.00  -0.379495
 521376.64 8806196.00  -0.394377
 522286.72 8806196.00  -0.468788
 523196.79 8806196.00  -3.006198
 524106.87 8806196.00  -3.713101
 525016.94 8806196.00  -4.219095
 525927.01 8806196.00  -4.486974
 526837.09 8806196.00  -4.673001
 527747.16 8806196.00  -4.739971
 528657.24 8806196.00  -4.866469
 529567.31 8806196.00  -5.089702
 530477.39 8806196.00  -5.164113
 531387.46 8806196.00  -5.268288
 532297.53 8806196.00  -5.335258
 533207.61 8806196.00  -5.372463
 534117.68 8806196.00  -5.365022
 535027.76 8806196.00  -5.365022
 535937.83 8806196.00  -5.312934
 536847.91 8806196.00  -5.208759
 537757.98 8806196.00  -5.134348
 538668.06 8806196.00  -4.925998
 539578.13 8806196.00  -4.598590
 540488.20 8806196.00  -3.631249
 541398.28 8806196.00  -2.611821
 542308.35 8806196.00  -2.217443
 543218.43 8806196.00  -1.860271
 544128.50 8806196.00  -1.517981
 545038.58 8806196.00  -1.242661
 545948.65 8806196.00   0.892930
 546858.73 8806196.00   0.900371
 547768.80 8806196.00   9.465060
 548678.87 8806196.00  16.608501
 549588.95 8806196.00  16.608501
 514096.05 8806156.00   0.416701
 515006.12 8806156.00   0.424142
 515916.20 8806156.00   0.416701
 516826.27 8806156.00   0.386936
 517736.34 8806156.00  -1.101281
 518646.42 8806156.00  -0.491112
 519556.49 8806156.00  -0.357172
 520466.57 8806156.00  -0.409260
 521376.64 8806156.00  -0.446465
 522286.72 8806156.00  -0.550640
 523196.79 8806156.00  -3.236872
 524106.87 8806156.00  -3.832159
 525016.94 8806156.00  -4.286065
 525927.01 8806156.00  -4.606031
 526837.09 8806156.00  -4.687883
 527747.16 8806156.00  -4.747412
 528657.24 8806156.00  -4.866469
 529567.31 8806156.00  -5.089702
 530477.39 8806156.00  -5.164113
 531387.46 8806156.00  -5.260847
 532297.53 8806156.00  -5.335258
 533207.61 8806156.00  -5.365022
 534117.68 8806156.00  -5.365022
 535027.76 8806156.00  -5.365022
 535937.83 8806156.00  -5.312934
 536847.91 8806156.00  -5.201318
 537757.98 8806156.00  -5.126907
 538668.06 8806156.00  -4.918557
 539578.13 8806156.00  -4.568826
 540488.20 8806156.00  -3.579162
 541398.28 8806156.00  -2.574615
 542308.35 8806156.00  -2.195120
 543218.43 8806156.00  -1.830507
 544128.50 8806156.00  -1.503099
 545038.58 8806156.00  -1.145927
 545948.65 8806156.00   0.892930
 546858.73 8806156.00   0.900371
 547768.80 8806156.00   1.369160
 548678.87 8806156.00  19.942107
 549588.95 8806156.00  16.132271
 514096.05 8805496.00   0.892930
 515006.12 8805496.00   0.424142
 515916.20 8805496.00   0.424142
 516826.27 8805496.00  -0.543199
 517736.34 8805496.00  -1.919800
 518646.42 8805496.00  -1.800742
 519556.49 8805496.00  -1.860271
 520466.57 8805496.00  -2.797848
 521376.64 8805496.00  -3.891687
 522286.72 8805496.00  -4.412563
 523196.79 8805496.00  -4.732530
 524106.87 8805496.00  -4.836705
 525016.94 8805496.00  -4.918557
 525927.01 8805496.00  -4.911116
 526837.09 8805496.00  -4.866469
 527747.16 8805496.00  -4.836705
 528657.24 8805496.00  -4.829264
 529567.31 8805496.00  -5.059938
 530477.39 8805496.00  -5.149231
 531387.46 8805496.00  -5.253406
 532297.53 8805496.00  -5.312934
 533207.61 8805496.00  -5.342699
 534117.68 8805496.00  -5.357581
 535027.76 8805496.00  -5.320375
 535937.83 8805496.00  -5.342699
 536847.91 8805496.00  -5.156672
 537757.98 8805496.00  -4.851587
 538668.06 8805496.00  -4.390240
 539578.13 8805496.00  -3.698219
 540488.20 8805496.00  -2.879700
 541398.28 8805496.00  -2.291854
 542308.35 8805496.00  -1.681685
 543218.43 8805496.00  -1.391483
 544128.50 8805496.00  -1.160809
 545038.58 8805496.00   0.900371
 545948.65 8805496.00   0.900371
 546858.73 8805496.00   0.892930
 547768.80 8805496.00   1.376601
 548678.87 8805496.00   6.607683
 549588.95 8805496.00  19.942107
 514096.05 8804836.00   0.900371
 515006.12 8804836.00   0.900371
 515916.20 8804836.00   0.416701
 516826.27 8804836.00   0.424142
 517736.34 8804836.00  -3.534515
 518646.42 8804836.00  -3.921452
 519556.49 8804836.00  -4.256300
 520466.57 8804836.00  -4.687883
 521376.64 8804836.00  -4.925998
 522286.72 8804836.00  -5.112025
 523196.79 8804836.00  -5.089702
 524106.87 8804836.00  -5.067379
 525016.94 8804836.00  -4.940880
 525927.01 8804836.00  -4.903675
 526837.09 8804836.00  -4.866469
 527747.16 8804836.00  -4.829264
 528657.24 8804836.00  -4.806941
 529567.31 8804836.00  -4.948321
 530477.39 8804836.00  -5.119466
 531387.46 8804836.00  -5.216200
 532297.53 8804836.00  -5.320375
 533207.61 8804836.00  -5.320375
 534117.68 8804836.00  -5.275729
 535027.76 8804836.00  -5.245965
 535937.83 8804836.00  -5.112025
 536847.91 8804836.00  -4.717648
 537757.98 8804836.00  -4.181890
 538668.06 8804836.00  -3.408017
 539578.13 8804836.00  -2.760642
 540488.20 8804836.00  -2.217443
 541398.28 8804836.00  -1.532863
 542308.35 8804836.00  -1.361718
 543218.43 8804836.00  -1.078957
 544128.50 8804836.00   0.892930
 545038.58 8804836.00   0.892930
 545948.65 8804836.00   0.892930
 546858.73 8804836.00   1.369160
 547768.80 8804836.00  14.703583
 548678.87 8804836.00 -11.518799
 549588.95 8804836.00 -15.306311
 514096.05 8804176.00   0.892930
 515006.12 8804176.00   0.892930
 515916.20 8804176.00   0.424142
 516826.27 8804176.00  -2.448117
 517736.34 8804176.00  -4.866469
 518646.42 8804176.00  -4.911116
 519556.49 8804176.00  -5.186436
 520466.57 8804176.00  -5.238524
 521376.64 8804176.00  -5.275729
 522286.72 8804176.00  -5.260847
 523196.79 8804176.00  -5.208759
 524106.87 8804176.00  -5.119466
 525016.94 8804176.00  -4.948321
 525927.01 8804176.00  -4.859028
 526837.09 8804176.00  -4.829264
 527747.16 8804176.00  -4.762294
 528657.24 8804176.00  -4.725089
 529567.31 8804176.00  -4.814382
 530477.39 8804176.00  -5.067379
 531387.46 8804176.00  -5.149231
 532297.53 8804176.00  -5.156672
 533207.61 8804176.00  -5.104584
 534117.68 8804176.00  -5.112025
 535027.76 8804176.00  -4.806941
 535937.83 8804176.00  -4.315829
 536847.91 8804176.00  -3.690778
 537757.98 8804176.00  -2.857376
 538668.06 8804176.00  -2.254649
 539578.13 8804176.00  -1.763537
 540488.20 8804176.00  -1.480776
 541398.28 8804176.00  -1.287308
 542308.35 8804176.00  -1.108722
 543218.43 8804176.00   0.892930
 544128.50 8804176.00   0.892930
 545038.58 8804176.00   0.900371
 545948.65 8804176.00   1.369160
 546858.73 8804176.00   1.369160
 548678.87 8804176.00  -7.210411
 549588.95 8804176.00 -12.441493
 514096.05 8803516.00   0.892930
 515006.12 8803516.00   0.416701
 515916.20 8803516.00   0.424142
 516826.27 8803516.00  -3.876805
 517736.34 8803516.00  -5.684989
 518646.42 8803516.00  -5.640342
 519556.49 8803516.00  -5.618019
 520466.57 8803516.00  -5.506403
 521376.64 8803516.00  -5.461756
 522286.72 8803516.00  -5.357581
 523196.79 8803516.00  -5.260847
 524106.87 8803516.00  -5.104584
 525016.94 8803516.00  -4.903675
 525927.01 8803516.00  -4.799500
 526837.09 8803516.00  -4.687883
 527747.16 8803516.00  -4.680442
 528657.24 8803516.00  -4.613472
 529567.31 8803516.00  -4.658119
 530477.39 8803516.00  -4.680442
 531387.46 8803516.00  -4.754853
 532297.53 8803516.00  -4.673001
 533207.61 8803516.00  -4.561385
 534117.68 8803516.00  -3.973539
 535027.76 8803516.00  -3.341047
 535937.83 8803516.00  -2.470440
 536847.91 8803516.00  -1.971887
 537757.98 8803516.00  -1.570069
 538668.06 8803516.00  -1.406365
 539578.13 8803516.00  -1.346836
 540488.20 8803516.00  -1.123604
 541398.28 8803516.00  -1.026870
 542308.35 8803516.00   0.900371
 543218.43 8803516.00  14.234795
 544128.50 8803516.00  -6.726740
 545038.58 8803516.00   0.900371
 545948.65 8803516.00   1.376601
 546858.73 8803516.00   1.369160
 547768.80 8803516.00   1.369160
 548678.87 8803516.00 -14.346411
 549588.95 8803516.00 -15.298870
 514096.05 8802856.00   0.900371
 515006.12 8802856.00   0.424142
 515916.20 8802856.00   0.424142
 516826.27 8802856.00   0.424142
 517736.34 8802856.00  -6.190982
 518646.42 8802856.00  -5.833810
 519556.49 8802856.00  -5.789164
 520466.57 8802856.00  -5.662665
 521376.64 8802856.00  -5.543608
 522286.72 8802856.00  -5.402227
 523196.79 8802856.00  -5.268288
 524106.87 8802856.00  -4.978086
 525016.94 8802856.00  -4.725089
 525927.01 8802856.00  -4.606031
 526837.09 8802856.00  -4.434886
 527747.16 8802856.00  -4.286065
 528657.24 8802856.00  -4.018186
 529567.31 8802856.00  -3.824717
 530477.39 8802856.00  -3.698219
 531387.46 8802856.00  -3.415458
 532297.53 8802856.00  -2.820171
 533207.61 8802856.00  -1.875153
 534117.68 8802856.00  -1.093839
 535027.76 8802856.00  -0.967341
 535937.83 8802856.00  -0.930136
 536847.91 8802856.00  -0.989664
 537757.98 8802856.00  -1.071516
 538668.06 8802856.00  -1.026870
 539578.13 8802856.00  -1.011988
 540488.20 8802856.00  -0.959900
 541398.28 8802856.00   0.892930
 542308.35 8802856.00   9.941289
 543218.43 8802856.00  -6.243070
 544128.50 8802856.00   0.885489
 545038.58 8802856.00   1.369160
 545948.65 8802856.00   1.369160
 546858.73 8802856.00  10.417518
 547768.80 8802856.00   6.101689
 548678.87 8802856.00  14.234795
 514096.05 8802196.00   0.892930
 515006.12 8802196.00   0.424142
 515916.20 8802196.00   0.424142
 516826.27 8802196.00   0.401819
 517736.34 8802196.00  -6.049602
 518646.42 8802196.00  -5.990073
 519556.49 8802196.00  -5.766841
 520466.57 8802196.00  -5.677548
 521376.64 8802196.00  -5.402227
 522286.72 8802196.00  -5.372463
 523196.79 8802196.00  -5.178995
 524106.87 8802196.00  -4.710207
 525016.94 8802196.00  -4.375358
 525927.01 8802196.00  -4.137243
 526837.09 8802196.00  -3.646131
 527747.16 8802196.00  -3.155020
 528657.24 8802196.00  -2.433235
 529567.31 8802196.00  -1.778419
 530477.39 8802196.00  -1.294749
 531387.46 8802196.00  -1.019429
 532297.53 8802196.00   0.878048
 533207.61 8802196.00   1.346836
 534117.68 8802196.00   1.346836
 535027.76 8802196.00  -0.535758
 535937.83 8802196.00   1.331954
 536847.91 8802196.00  -0.513435
 537757.98 8802196.00   0.885489
 538668.06 8802196.00   0.885489
 539578.13 8802196.00  -0.900371
 540488.20 8802196.00   1.369160
 542308.35 8802196.00   0.892930
 543218.43 8802196.00  -4.345593
 545038.58 8802196.00  -2.909464
 546858.73 8802196.00  15.179813
 549588.95 8802196.00 -11.481593
 514096.05 8801536.00   0.892930
 515006.12 8801536.00   0.416701
 515916.20 8801536.00   0.416701
 516826.27 8801536.00   0.424142
 517736.34 8801536.00  -4.360476
 518646.42 8801536.00  -5.893339
 519556.49 8801536.00  -5.603137
 520466.57 8801536.00  -5.394786
 521376.64 8801536.00  -5.231082
 522286.72 8801536.00  -5.164113
 523196.79 8801536.00  -4.866469
 524106.87 8801536.00  -4.174448
 525016.94 8801536.00  -3.661014
 525927.01 8801536.00  -2.805289
 526837.09 8801536.00  -0.900371
 527747.16 8801536.00  -0.379495
 528657.24 8801536.00  -0.156263
 529567.31 8801536.00  -0.141381
 530477.39 8801536.00   1.354277
 531387.46 8801536.00 -16.266211
 532297.53 8801536.00  -6.734182
 533207.61 8801536.00  -3.869364
 534117.68 8801536.00   1.369160
 535027.76 8801536.00   1.376601
 535937.83 8801536.00   1.369160
 536847.91 8801536.00   1.369160
 537757.98 8801536.00   1.369160
 538668.06 8801536.00   1.376601
 539578.13 8801536.00   1.376601
 540488.20 8801536.00   1.369160
 541398.28 8801536.00   2.329059
 542308.35 8801536.00   0.892930
 544128.50 8801536.00   1.369160
 545038.58 8801536.00  -3.385693
 545948.65 8801536.00  -0.052088
 547768.80 8801536.00   1.369160
 548678.87 8801536.00  18.037189
 549588.95 8801536.00 -11.481593
 514096.05 8800876.00   0.892930
 515006.12 8800876.00   0.424142
 515916.20 8800876.00   0.416701
 516826.27 8800876.00   0.416701
 517736.34 8800876.00  -0.520876
 518646.42 8800876.00  -6.153777
 519556.49 8800876.00  -5.193877
 520466.57 8800876.00  -5.015291
 521376.64 8800876.00  -4.851587
 522286.72 8800876.00  -4.717648
 523196.79 8800876.00  -4.226536
 524106.87 8800876.00  -2.760642
 525016.94 8800876.00  -0.543199
 525927.01 8800876.00  -0.133940
 526837.09 8800876.00  -0.141381
 527747.16 8800876.00  -0.133940
 528657.24 8800876.00  -0.104175
 529567.31 8800876.00  -0.111616
 530477.39 8800876.00   1.837948
 531387.46 8800876.00  -1.041752
 532297.53 8800876.00   1.361718
 533207.61 8800876.00   1.845389
 534117.68 8800876.00   1.369160
 535937.83 8800876.00  10.417518
 536847.91 8800876.00   1.369160
 537757.98 8800876.00   1.369160
 538668.06 8800876.00   1.376601
 539578.13 8800876.00   1.369160
 540488.20 8800876.00   1.369160
 541398.28 8800876.00   1.369160
 542308.35 8800876.00   0.892930
 543218.43 8800876.00   1.369160
 544128.50 8800876.00   8.988830
 545948.65 8800876.00   0.892930
 546858.73 8800876.00   2.805289
 547768.80 8800876.00   1.369160
 548678.87 8800876.00   1.369160
 549588.95 8800876.00  -2.440676
 514096.05 8800216.00   0.892930
 515006.12 8800216.00   0.900371
 515916.20 8800216.00   0.416701
 516826.27 8800216.00   0.892930
 517736.34 8800216.00  -4.821823
 518646.42 8800216.00  -5.729635
 519556.49 8800216.00  -4.903675
 520466.57 8800216.00  -4.561385
 521376.64 8800216.00  -4.152125
 522286.72 8800216.00  -3.169902
 523196.79 8800216.00  -1.882594
 524106.87 8800216.00  -0.282761
 525016.94 8800216.00  -0.163704
 525927.01 8800216.00  -0.171145
 526837.09 8800216.00  -0.148822
 527747.16 8800216.00  -0.141381
 528657.24 8800216.00  -0.156263
 529567.31 8800216.00  -0.416701
 530477.39 8800216.00   1.294749
 531387.46 8800216.00   1.845389
 532297.53 8800216.00   0.870607
 533207.61 8800216.00   1.845389
 534117.68 8800216.00   1.369160
 535027.76 8800216.00   1.845389
 535937.83 8800216.00   6.131454
 536847.91 8800216.00   1.369160
 537757.98 8800216.00   1.369160
 538668.06 8800216.00   1.369160
 539578.13 8800216.00   1.369160
 540488.20 8800216.00   1.369160
 541398.28 8800216.00 -15.298870
 542308.35 8800216.00  19.473318
 543218.43 8800216.00  19.912342
 544128.50 8800216.00   8.512601
 545038.58 8800216.00   8.520042
 545948.65 8800216.00  -5.298052
 546858.73 8800216.00   1.837948
 547768.80 8800216.00   1.845389
 548678.87 8800216.00  -4.353034
 549588.95 8800216.00  11.377418
 514096.05 8800176.00   0.892930
 515006.12 8800176.00   0.900371
 515916.20 8800176.00   0.416701
 516826.27 8800176.00   0.892930
 517736.34 8800176.00  -4.821823
 518646.42 8800176.00  -5.662665
 519556.49 8800176.00  -4.888793
 520466.57 8800176.00  -4.457210
 521376.64 8800176.00  -3.861923
 522286.72 8800176.00  -2.976434
 523196.79 8800176.00  -0.572964
 524106.87 8800176.00  -0.193468
 525016.94 8800176.00  -0.156263
 525927.01 8800176.00  -0.171145
 526837.09 8800176.00  -0.148822
 527747.16 8800176.00  -0.141381
 528657.24 8800176.00  -0.156263
 529567.31 8800176.00  -1.428688
 530477.39 8800176.00   1.287308
 531387.46 8800176.00   1.845389
 532297.53 8800176.00   0.870607
 533207.61 8800176.00   1.837948
 534117.68 8800176.00   1.369160
 535027.76 8800176.00   1.845389
 535937.83 8800176.00   6.131454
 536847.91 8800176.00   1.376601
 537757.98 8800176.00   1.369160
 538668.06 8800176.00   1.369160
 539578.13 8800176.00   1.369160
 541398.28 8800176.00 -12.441493
 542308.35 8800176.00  18.997089
 543218.43 8800176.00  19.912342
 544128.50 8800176.00   8.520042
 545038.58 8800176.00   1.369160
 545948.65 8800176.00  -6.250511
 546858.73 8800176.00   1.837948
 547768.80 8800176.00   1.845389
 548678.87 8800176.00  -3.400576
 549588.95 8800176.00   8.043812
 514096.05 8799516.00   0.892930
 515006.12 8799516.00   0.892930
 515916.20 8799516.00   0.900371
 516826.27 8799516.00   0.416701
 517736.34 8799516.00   0.416701
 518646.42 8799516.00  -5.327817
 519556.49 8799516.00  -4.330711
 520466.57 8799516.00  -2.656467
 521376.64 8799516.00  -1.986770
 522286.72 8799516.00  -0.476229
 523196.79 8799516.00  -0.252997
 524106.87 8799516.00  -0.178586
 525016.94 8799516.00  -0.186027
 525927.01 8799516.00  -0.163704
 526837.09 8799516.00  -0.148822
 527747.16 8799516.00  -0.141381
 528657.24 8799516.00  -0.171145
 529567.31 8799516.00   8.021489
 530477.39 8799516.00   0.349731
 531387.46 8799516.00   1.369160
 532297.53 8799516.00   1.845389
 533207.61 8799516.00   1.369160
 534117.68 8799516.00   1.376601
 535027.76 8799516.00   1.369160
 535937.83 8799516.00   1.376601
 536847.91 8799516.00   1.845389
 537757.98 8799516.00   1.852830
 538668.06 8799516.00   1.369160
 539578.13 8799516.00   1.369160
 540488.20 8799516.00   1.369160
 541398.28 8799516.00   1.369160
 542308.35 8799516.00  18.037189
 543218.43 8799516.00  -3.393135
 544128.50 8799516.00   0.863166
 545038.58 8799516.00   1.369160
 545948.65 8799516.00  13.245131
 547768.80 8799516.00  15.179813
 548678.87 8799516.00 -10.060346
 549588.95 8799516.00  16.132271
 514096.05 8798856.00   0.900371
 515006.12 8798856.00   0.892930
 515916.20 8798856.00   0.900371
 516826.27 8798856.00   0.892930
 517736.34 8798856.00   0.900371
 518646.42 8798856.00  -4.821823
 519556.49 8798856.00  -3.207107
 520466.57 8798856.00  -1.309631
 521376.64 8798856.00  -0.848284
 522286.72 8798856.00  -0.267879
 523196.79 8798856.00  -0.245556
 524106.87 8798856.00  -0.230674
 525016.94 8798856.00  -0.193468
 525927.01 8798856.00  -0.156263
 526837.09 8798856.00  -0.193468
 527747.16 8798856.00  -0.171145
 528657.24 8798856.00   1.354277
 529567.31 8798856.00   3.274077
 530477.39 8798856.00  -4.859028
 531387.46 8798856.00   1.354277
 532297.53 8798856.00   0.424142
 533207.61 8798856.00  -0.528317
 534117.68 8798856.00   1.369160
 535027.76 8798856.00   1.376601
 535937.83 8798856.00   1.369160
 536847.91 8798856.00   1.845389
 537757.98 8798856.00   1.369160
 538668.06 8798856.00  -6.726740
 539578.13 8798856.00   1.845389
 540488.20 8798856.00   1.369160
 541398.28 8798856.00   5.655224
 542308.35 8798856.00   1.369160
 543218.43 8798856.00   1.369160
 544128.50 8798856.00   1.369160
 545038.58 8798856.00   1.376601
 545948.65 8798856.00   1.369160
 546858.73 8798856.00   1.845389
 547768.80 8798856.00   9.918966
 548678.87 8798856.00  19.912342
 549588.95 8798856.00  11.846207
 514096.05 8798196.00   0.892930
 515006.12 8798196.00   0.892930
 515916.20 8798196.00   0.900371
 516826.27 8798196.00   0.900371
 517736.34 8798196.00   0.900371
 518646.42 8798196.00   0.424142
 519556.49 8798196.00  -1.912359
 520466.57 8798196.00  -0.535758
 521376.64 8798196.00  -0.401819
 522286.72 8798196.00  -0.364613
 523196.79 8798196.00  -0.349731
 524106.87 8798196.00  -0.372054
 525016.94 8798196.00  -0.193468
 525927.01 8798196.00  -0.200909
 526837.09 8798196.00  -0.193468
 527747.16 8798196.00  -0.230674
 528657.24 8798196.00   1.369160
 529567.31 8798196.00   7.575024
 530477.39 8798196.00 -15.819746
 531387.46 8798196.00   1.346836
 532297.53 8798196.00   7.560142
 533207.61 8798196.00   1.845389
 534117.68 8798196.00   1.845389
 535027.76 8798196.00   1.369160
 535937.83 8798196.00   1.845389
 536847.91 8798196.00   1.845389
 537757.98 8798196.00   1.845389
 538668.06 8798196.00   1.369160
 540488.20 8798196.00   1.369160
 541398.28 8798196.00   1.369160
 542308.35 8798196.00   1.369160
 543218.43 8798196.00   1.376601
 544128.50 8798196.00   1.376601
 545038.58 8798196.00   1.852830
 545948.65 8798196.00  18.513418
 546858.73 8798196.00   1.852830
 547768.80 8798196.00   1.845389
 548678.87 8798196.00  -7.679199
 549588.95 8798196.00   1.845389
 514096.05 8797536.00   0.892930
 515006.12 8797536.00   0.892930
 515916.20 8797536.00   0.892930
 516826.27 8797536.00   0.892930
 517736.34 8797536.00   0.892930
 518646.42 8797536.00   0.892930
 519556.49 8797536.00   0.900371
 520466.57 8797536.00   1.376601
 521376.64 8797536.00   1.369160
 522286.72 8797536.00  -0.372054
 523196.79 8797536.00  -0.334849
 524106.87 8797536.00  -0.357172
 525016.94 8797536.00  -0.349731
 525927.01 8797536.00  -0.215791
 526837.09 8797536.00  -0.349731
 527747.16 8797536.00   1.369160
 530477.39 8797536.00 -11.005364
 531387.46 8797536.00  -0.491112
 532297.53 8797536.00  -0.543199
 533207.61 8797536.00   1.845389
 534117.68 8797536.00   1.369160
 535027.76 8797536.00   1.376601
 535937.83 8797536.00   1.845389
 536847.91 8797536.00   1.845389
 538668.06 8797536.00   1.369160
 539578.13 8797536.00   1.845389
 541398.28 8797536.00   1.376601
 542308.35 8797536.00   1.376601
 543218.43 8797536.00   1.369160
 544128.50 8797536.00   1.369160
 545038.58 8797536.00   1.376601
 545948.65 8797536.00   1.852830
 546858.73 8797536.00   1.845389
 547768.80 8797536.00   1.845389
 548678.87 8797536.00   1.845389
 549588.95 8797536.00   1.369160
 514096.05 8796876.00   0.892930
 515006.12 8796876.00   0.892930
 515916.20 8796876.00   0.900371
 516826.27 8796876.00   0.900371
 517736.34 8796876.00   0.900371
 518646.42 8796876.00   0.900371
 519556.49 8796876.00   0.892930
 520466.57 8796876.00   1.369160
 521376.64 8796876.00   1.376601
 522286.72 8796876.00   1.376601
 523196.79 8796876.00   1.369160
 524106.87 8796876.00  -0.364613
 525016.94 8796876.00  -0.357172
 525927.01 8796876.00  -0.364613
 526837.09 8796876.00   1.369160
 527747.16 8796876.00   1.369160
 528657.24 8796876.00   0.870607
 530477.39 8796876.00   7.500613
 531387.46 8796876.00  -0.505994
 532297.53 8796876.00   1.830507
 533207.61 8796876.00   1.369160
 534117.68 8796876.00   1.830507
 535027.76 8796876.00   1.852830
 535937.83 8796876.00   1.845389
 536847.91 8796876.00   1.369160
 538668.06 8796876.00   1.845389
 539578.13 8796876.00   1.376601
 540488.20 8796876.00   1.376601
 541398.28 8796876.00   1.369160
 542308.35 8796876.00   1.845389
 543218.43 8796876.00  19.942107
 544128.50 8796876.00   1.369160
 545038.58 8796876.00   1.369160
 545948.65 8796876.00   1.376601
 546858.73 8796876.00   1.845389
 547768.80 8796876.00  -2.909464
 548678.87 8796876.00   1.845389
 549588.95 8796876.00   1.852830
 514096.05 8796216.00   0.892930
 515006.12 8796216.00   0.892930
 515916.20 8796216.00   0.900371
 516826.27 8796216.00   0.900371
 517736.34 8796216.00   0.892930
 518646.42 8796216.00   0.892930
 519556.49 8796216.00   0.892930
 520466.57 8796216.00   1.369160
 521376.64 8796216.00   1.369160
 522286.72 8796216.00   1.376601
 523196.79 8796216.00   1.369160
 524106.87 8796216.00   1.369160
 525016.94 8796216.00   1.369160
 525927.01 8796216.00   1.845389
 526837.09 8796216.00   1.369160
 527747.16 8796216.00   1.369160
 528657.24 8796216.00  12.314995
 530477.39 8796216.00  -2.038857
 531387.46 8796216.00  -2.254649
 533207.61 8796216.00   1.369160
 534117.68 8796216.00  19.458436
 535027.76 8796216.00   1.837948
 535937.83 8796216.00   1.369160
 536847.91 8796216.00   1.845389
 537757.98 8796216.00 -15.298870
 538668.06 8796216.00  12.322436
 539578.13 8796216.00   1.369160
 540488.20 8796216.00   1.369160
 542308.35 8796216.00   1.369160
 543218.43 8796216.00   1.369160
 544128.50 8796216.00   1.369160
 545038.58 8796216.00   1.376601
 545948.65 8796216.00   1.369160
 546858.73 8796216.00   1.369160
 547768.80 8796216.00   1.845389
 548678.87 8796216.00   1.369160
 549588.95 8796216.00   1.361718
 514096.05 8795556.00   0.892930
 515006.12 8795556.00   0.900371
 515916.20 8795556.00   0.900371
 516826.27 8795556.00   0.892930
 517736.34 8795556.00   0.900371
 518646.42 8795556.00   1.369160
 519556.49 8795556.00   1.369160
 520466.57 8795556.00   1.369160
 521376.64 8795556.00   1.376601
 522286.72 8795556.00   1.376601
 523196.79 8795556.00   1.376601
 524106.87 8795556.00   1.369160
 525016.94 8795556.00   1.369160
 525927.01 8795556.00   1.376601
 526837.09 8795556.00   1.376601
 527747.16 8795556.00   1.369160
 528657.24 8795556.00   1.369160
 529567.31 8795556.00  18.498536
 530477.39 8795556.00   7.083913
 531387.46 8795556.00  -0.453906
 532297.53 8795556.00   1.346836
 533207.61 8795556.00   1.346836
 534117.68 8795556.00   2.782966
 535027.76 8795556.00  -5.312934
 535937.83 8795556.00   1.845389
 536847.91 8795556.00   1.852830
 537757.98 8795556.00   1.845389
 538668.06 8795556.00   2.805289
 539578.13 8795556.00   1.845389
 540488.20 8795556.00   1.369160
 541398.28 8795556.00   1.852830
 542308.35 8795556.00   1.369160
 543218.43 8795556.00   1.369160
 545038.58 8795556.00   1.376601
 545948.65 8795556.00   1.376601
 546858.73 8795556.00  -7.195529
 547768.80 8795556.00   1.369160
 548678.87 8795556.00   1.845389
 549588.95 8795556.00   1.376601
